luna	date	rtype	ncor	n	acc	ndropped	meanlat
10128	20080925	pun	45	56	0.803571428571429	9	474.066666666667
10128	20080925	neut	35	56	0.625	18	439.885714285714
10128	20080925	rew	36	56	0.642857142857143	19	492.361111111111
10134	20080911	pun	50	56	0.892857142857143	1	448.18
10134	20080911	neut	52	56	0.928571428571429	2	450.615384615385
10134	20080911	rew	52	56	0.928571428571429	2	451.057692307692
10152	20081004	pun	24	56	0.428571428571429	31	447.375
10152	20081004	neut	33	56	0.589285714285714	20	425.424242424242
10152	20081004	rew	26	56	0.464285714285714	29	487.576923076923
10152	20100514	pun	51	56	0.910714285714286	5	412.411764705882
10152	20100514	neut	50	56	0.892857142857143	6	390.84
10152	20100514	rew	49	56	0.875	5	410.591836734694
10152	20111123	pun	55	56	0.982142857142857	1	380.945454545455
10152	20111123	neut	50	56	0.892857142857143	2	382.48
10152	20111123	rew	51	56	0.910714285714286	5	388.529411764706
10153	20081004	pun	28	56	0.5	25	524.571428571429
10153	20081004	neut	28	56	0.5	24	505.285714285714
10153	20081004	rew	29	56	0.517857142857143	24	557.793103448276
10153	20100604	pun	54	56	0.964285714285714	2	415.814814814815
10153	20100604	neut	52	56	0.928571428571429	4	415.403846153846
10153	20100604	rew	55	56	0.982142857142857	0	430.6
10153	20111128	pun	52	56	0.928571428571429	4	406.211538461538
10153	20111128	neut	50	56	0.892857142857143	6	398.38
10153	20111128	rew	53	56	0.946428571428571	3	396.452830188679
10156	20080922	pun	37	56	0.660714285714286	6	428.702702702703
10156	20080922	neut	41	56	0.732142857142857	3	446.975609756098
10156	20080922	rew	33	56	0.589285714285714	3	480.151515151515
10156	20100313	pun	52	56	0.928571428571429	3	420.711538461538
10156	20100313	neut	45	56	0.803571428571429	1	450.488888888889
10156	20100313	rew	45	56	0.803571428571429	1	442.444444444444
10156	20110923	pun	52	56	0.928571428571429	3	410.442307692308
10156	20110923	neut	51	56	0.910714285714286	3	410.43137254902
10156	20110923	rew	54	56	0.964285714285714	1	416.462962962963
10173	20080913	pun	52	56	0.928571428571429	3	374.173076923077
10173	20080913	neut	43	56	0.767857142857143	11	371.604651162791
10173	20080913	rew	45	56	0.803571428571429	5	391.2
10173	20100313	pun	55	56	0.982142857142857	1	369.836363636364
10173	20100313	neut	55	56	0.982142857142857	1	367.163636363636
10173	20100313	rew	54	56	0.964285714285714	2	380.296296296296
10173	20110820	pun	53	56	0.946428571428571	2	360.509433962264
10173	20110820	neut	54	56	0.964285714285714	1	356.944444444444
10173	20110820	rew	54	56	0.964285714285714	1	369.333333333333
10181	20090604	pun	31	56	0.553571428571429	25	363.903225806452
10181	20090604	neut	29	56	0.517857142857143	27	350.620689655172
10181	20090604	rew	30	56	0.535714285714286	25	364.233333333333
10181	20101124	pun	22	56	0.392857142857143	32	346.727272727273
10181	20101124	neut	25	56	0.446428571428571	30	336.48
10181	20101124	rew	24	56	0.428571428571429	32	340.541666666667
10181	20130129	pun	29	56	0.517857142857143	24	391.48275862069
10181	20130129	neut	28	56	0.5	26	392.571428571429
10181	20130129	rew	32	56	0.571428571428571	20	362.375
10300	20081112	pun	25	56	0.446428571428571	29	388.8
10300	20081112	neut	34	56	0.607142857142857	17	403.735294117647
10300	20081112	rew	26	56	0.464285714285714	20	396.653846153846
10300	20100702	pun	46	56	0.821428571428571	6	374.565217391304
10300	20100702	neut	47	56	0.839285714285714	5	380.297872340426
10300	20100702	rew	41	56	0.732142857142857	11	404.926829268293
10300	20111201	pun	42	56	0.75	13	365.571428571429
10300	20111201	neut	38	56	0.678571428571429	16	354.868421052632
10300	20111201	rew	36	56	0.642857142857143	18	357.861111111111
10315	20080924	pun	53	56	0.946428571428571	1	371.490566037736
10315	20080924	neut	49	56	0.875	0	383.244897959184
10315	20080924	rew	48	56	0.857142857142857	2	392.0625
10385	20081111	pun	51	56	0.910714285714286	2	415.352941176471
10385	20081111	neut	52	56	0.928571428571429	2	404.192307692308
10385	20081111	rew	55	56	0.982142857142857	1	424.472727272727
10406	20090216	pun	44	56	0.785714285714286	12	356.886363636364
10406	20090216	neut	42	56	0.75	14	354.214285714286
10406	20090216	rew	48	56	0.857142857142857	8	373.625
10406	20100828	pun	54	56	0.964285714285714	1	371.777777777778
10406	20100828	neut	53	56	0.946428571428571	3	374.339622641509
10406	20100828	rew	53	56	0.946428571428571	2	378.905660377359
10406	20120524	pun	40	56	0.714285714285714	14	376.75
10406	20120524	neut	43	56	0.767857142857143	13	368.581395348837
10406	20120524	rew	39	56	0.696428571428571	16	376.410256410256
10431	20081101	pun	31	56	0.553571428571429	25	407.967741935484
10431	20081101	neut	33	56	0.589285714285714	20	427.363636363636
10431	20081101	rew	33	56	0.589285714285714	22	403.848484848485
10451	20080913	pun	54	56	0.964285714285714	1	334.981481481481
10451	20080913	neut	49	56	0.875	3	324.30612244898
10451	20080913	rew	53	56	0.946428571428571	3	351.075471698113
10466	20100102	pun	25	56	0.446428571428571	27	396.8
10466	20100102	neut	18	56	0.321428571428571	34	361.388888888889
10466	20100102	rew	20	56	0.357142857142857	36	417.85
10466	20110910	pun	37	56	0.660714285714286	18	420.459459459459
10466	20110910	neut	38	56	0.678571428571429	13	408.263157894737
10466	20110910	rew	42	56	0.75	13	430.690476190476
10466	20130923	pun	52	56	0.928571428571429	4	419.769230769231
10466	20130923	neut	54	56	0.964285714285714	2	391.425925925926
10466	20130923	rew	50	56	0.892857142857143	4	394.58
10483	20081029	pun	21	56	0.375	28	447.809523809524
10483	20081029	neut	27	56	0.482142857142857	22	459.037037037037
10483	20081029	rew	28	56	0.5	20	471.857142857143
10529	20081105	pun	49	56	0.875	5	406.571428571429
10529	20081105	neut	48	56	0.857142857142857	5	407.583333333333
10529	20081105	rew	42	56	0.75	3	412.380952380952
10558	20080923	pun	18	56	0.321428571428571	35	341.444444444444
10558	20080923	neut	15	56	0.267857142857143	37	364.533333333333
10558	20080923	rew	18	56	0.321428571428571	32	350.666666666667
10565	20081028	pun	44	56	0.785714285714286	6	450.363636363636
10565	20081028	neut	45	56	0.803571428571429	6	443.933333333333
10565	20081028	rew	32	56	0.571428571428571	8	464.46875
10565	20100624	pun	33	56	0.589285714285714	18	444.151515151515
10565	20100624	neut	32	56	0.571428571428571	21	443.3125
10565	20100624	rew	34	56	0.607142857142857	18	431.323529411765
10565	20120107	pun	38	42	0.904761904761905	1	405.684210526316
10565	20120107	neut	35	42	0.833333333333333	2	413.714285714286
10565	20120107	rew	30	42	0.714285714285714	2	407.7
10567	20090114	pun	50	56	0.892857142857143	5	406.8
10567	20090114	neut	43	56	0.767857142857143	9	408.697674418605
10567	20090114	rew	47	56	0.839285714285714	5	430.936170212766
10567	20100810	pun	41	56	0.732142857142857	11	415.560975609756
10567	20100810	neut	41	56	0.732142857142857	7	407.585365853659
10567	20100810	rew	46	56	0.821428571428571	3	399.369565217391
10567	20130503	pun	35	56	0.625	18	406.657142857143
10567	20130503	neut	32	56	0.571428571428571	17	391.21875
10567	20130503	rew	34	56	0.607142857142857	20	410.058823529412
10568	20090112	pun	53	56	0.946428571428571	3	417.415094339623
10568	20090112	neut	47	56	0.839285714285714	7	423.765957446808
10568	20090112	rew	47	56	0.839285714285714	8	446.510638297872
10568	20100619	pun	49	56	0.875	5	409.448979591837
10568	20100619	neut	46	56	0.821428571428571	10	425.891304347826
10568	20100619	rew	42	56	0.75	13	423.333333333333
10568	20120110	pun	51	56	0.910714285714286	5	383.196078431373
10568	20120110	neut	48	56	0.857142857142857	8	406.645833333333
10568	20120110	rew	51	56	0.910714285714286	5	400.156862745098
10572	20090303	pun	46	56	0.821428571428571	8	372.913043478261
10572	20090303	neut	51	56	0.910714285714286	5	362.21568627451
10572	20090303	rew	46	56	0.821428571428571	8	361.5
10572	20110112	pun	52	56	0.928571428571429	4	338.846153846154
10572	20110112	neut	48	56	0.857142857142857	8	344.729166666667
10572	20110112	rew	48	56	0.857142857142857	8	343.458333333333
10572	20120514	pun	53	56	0.946428571428571	3	349.377358490566
10572	20120514	neut	54	56	0.964285714285714	2	347.777777777778
10572	20120514	rew	56	56	1	0	345.857142857143
10574	20080930	pun	50	56	0.892857142857143	6	317.48
10574	20080930	neut	43	56	0.767857142857143	13	321.53488372093
10574	20080930	rew	51	56	0.910714285714286	5	334.745098039216
10584	20080729	pun	52	56	0.928571428571429	3	429.730769230769
10584	20080729	neut	52	56	0.928571428571429	1	440.730769230769
10584	20080729	rew	50	56	0.892857142857143	4	431.24
10585	20080918	pun	37	56	0.660714285714286	3	384.837837837838
10585	20080918	neut	28	56	0.5	8	383.285714285714
10585	20080918	rew	35	56	0.625	6	384.114285714286
10585	20100415	pun	38	56	0.678571428571429	10	362.868421052632
10585	20100415	neut	36	56	0.642857142857143	9	372.805555555556
10585	20100415	rew	40	56	0.714285714285714	9	374.475
10585	20120822	neut	43	56	0.767857142857143	4	396.906976744186
10585	20120822	rew	24	28	0.857142857142857	2	377.375
10587	20080812	pun	56	56	1	0	397.428571428571
10587	20080812	neut	56	56	1	0	397.982142857143
10587	20080812	rew	56	56	1	0	389.821428571429
10589	20081101	pun	46	56	0.821428571428571	3	515.565217391304
10589	20081101	neut	45	56	0.803571428571429	1	535.444444444444
10589	20081101	rew	42	56	0.75	4	536.52380952381
10589	20100525	pun	43	56	0.767857142857143	10	475.674418604651
10589	20100525	neut	45	56	0.803571428571429	7	456.666666666667
10589	20100525	rew	42	56	0.75	8	469.309523809524
10589	20111121	pun	37	56	0.660714285714286	17	434.783783783784
10589	20111121	neut	43	56	0.767857142857143	13	419.302325581395
10589	20111121	rew	31	56	0.553571428571429	23	437.709677419355
10594	20080912	pun	46	56	0.821428571428571	9	361.521739130435
10594	20080912	neut	43	56	0.767857142857143	11	358.023255813953
10594	20080912	rew	46	56	0.821428571428571	8	345.173913043478
10599	20090124	pun	48	56	0.857142857142857	6	400.645833333333
10599	20090124	neut	48	56	0.857142857142857	8	389.416666666667
10599	20090124	rew	48	56	0.857142857142857	8	412.708333333333
10599	20100726	pun	44	56	0.785714285714286	9	379.727272727273
10599	20100726	neut	45	56	0.803571428571429	10	363.222222222222
10599	20100726	rew	44	56	0.785714285714286	12	396
10601	20080821	pun	46	56	0.821428571428571	8	528.695652173913
10601	20080821	neut	48	56	0.857142857142857	6	560.8125
10601	20080821	rew	42	56	0.75	10	582.666666666667
10604	20080913	pun	29	43	0.674418604651163	14	381.758620689655
10604	20080913	neut	29	43	0.674418604651163	13	392.413793103448
10604	20080913	rew	31	42	0.738095238095238	11	398.387096774194
10604	20100313	pun	46	56	0.821428571428571	10	383.217391304348
10604	20100313	neut	42	56	0.75	14	384.404761904762
10604	20100313	rew	39	56	0.696428571428571	17	382.410256410256
10604	20120121	pun	19	56	0.339285714285714	37	351.789473684211
10604	20120121	neut	30	56	0.535714285714286	26	380.1
10604	20120121	rew	24	56	0.428571428571429	30	387.708333333333
10605	20080925	pun	48	56	0.857142857142857	5	375.041666666667
10605	20080925	neut	44	56	0.785714285714286	6	387.954545454545
10605	20080925	rew	47	56	0.839285714285714	4	379.765957446808
10606	20080923	pun	42	56	0.75	8	390.357142857143
10606	20080923	neut	49	56	0.875	4	408.142857142857
10606	20080923	rew	42	56	0.75	4	398.785714285714
10607	20080930	pun	53	56	0.946428571428571	1	388.283018867925
10607	20080930	neut	56	56	1	0	400.553571428571
10607	20080930	rew	51	56	0.910714285714286	1	394.039215686275
10608	20081006	pun	47	56	0.839285714285714	5	378.659574468085
10608	20081006	neut	45	56	0.803571428571429	4	379.133333333333
10608	20081006	rew	48	56	0.857142857142857	3	367.5625
10608	20100615	pun	52	56	0.928571428571429	2	358.192307692308
10608	20100615	neut	53	56	0.946428571428571	1	370.77358490566
10608	20100615	rew	53	56	0.946428571428571	2	366.301886792453
10608	20111122	pun	56	56	1	0	352.035714285714
10608	20111122	neut	56	56	1	0	343.839285714286
10608	20111122	rew	55	56	0.982142857142857	0	350.327272727273
10616	20081122	pun	45	56	0.803571428571429	10	366.177777777778
10616	20081122	neut	43	56	0.767857142857143	9	358.53488372093
10616	20081122	rew	44	56	0.785714285714286	10	356.909090909091
10616	20100624	pun	33	56	0.589285714285714	23	355.424242424242
10616	20100624	neut	34	56	0.607142857142857	20	393.294117647059
10616	20100624	rew	35	56	0.625	21	349.342857142857
10616	20120130	pun	52	56	0.928571428571429	4	377.923076923077
10616	20120130	neut	42	56	0.75	9	363.52380952381
10616	20120130	rew	44	56	0.785714285714286	10	369.204545454545
10623	20090113	pun	40	56	0.714285714285714	16	373.9
10623	20090113	neut	38	56	0.678571428571429	16	366.710526315789
10623	20090113	rew	38	56	0.678571428571429	16	357.894736842105
10623	20120111	pun	45	56	0.803571428571429	10	404.955555555556
10623	20120111	neut	40	56	0.714285714285714	14	401.925
10623	20120111	rew	40	56	0.714285714285714	14	403.7
10625	20090226	pun	48	56	0.857142857142857	8	378.208333333333
10625	20090226	neut	49	56	0.875	7	384.959183673469
10625	20090226	rew	51	56	0.910714285714286	4	420.647058823529
10626	20090214	pun	36	56	0.642857142857143	6	531.305555555556
10626	20090214	neut	39	56	0.696428571428571	9	506.358974358974
10626	20090214	rew	32	56	0.571428571428571	10	518.0625
10626	20100916	pun	50	56	0.892857142857143	2	468.9
10626	20100916	neut	46	56	0.821428571428571	5	461
10626	20100916	rew	52	56	0.928571428571429	3	488.923076923077
10626	20121008	pun	54	56	0.964285714285714	0	391.685185185185
10626	20121008	neut	53	56	0.946428571428571	0	406.905660377359
10626	20121008	rew	52	56	0.928571428571429	3	416.769230769231
10627	20090214	pun	31	56	0.553571428571429	23	485.387096774194
10627	20090214	neut	32	56	0.571428571428571	23	529.46875
10627	20090214	rew	30	56	0.535714285714286	23	476.466666666667
10627	20101123	pun	44	56	0.785714285714286	11	488.659090909091
10627	20101123	neut	37	56	0.660714285714286	17	486.675675675676
10627	20101123	rew	45	56	0.803571428571429	8	514.777777777778
10627	20121219	pun	42	56	0.75	14	425.119047619048
10627	20121219	neut	44	56	0.785714285714286	11	440.272727272727
10627	20121219	rew	38	56	0.678571428571429	17	429.789473684211
10628	20090214	pun	7	56	0.125	47	461
10628	20090214	neut	11	56	0.196428571428571	45	415.181818181818
10628	20090214	rew	8	56	0.142857142857143	44	419.5
10629	20090203	pun	43	56	0.767857142857143	3	366
10629	20090203	neut	48	56	0.857142857142857	5	369.541666666667
10629	20090203	rew	46	56	0.821428571428571	6	376.478260869565
10629	20100929	pun	50	56	0.892857142857143	3	357.88
10629	20100929	neut	47	56	0.839285714285714	5	350.702127659574
10629	20100929	rew	50	56	0.892857142857143	6	347.8
10629	20120317	pun	51	56	0.910714285714286	3	334.941176470588
10629	20120317	neut	46	56	0.821428571428571	8	341.391304347826
10629	20120317	rew	43	56	0.767857142857143	10	361.837209302326
10633	20090228	pun	50	56	0.892857142857143	0	359.56
10633	20090228	neut	45	56	0.803571428571429	2	347.6
10633	20090228	rew	45	56	0.803571428571429	2	351.777777777778
10635	20090210	pun	53	56	0.946428571428571	2	439.547169811321
10635	20090210	neut	51	56	0.910714285714286	4	425.901960784314
10635	20090210	rew	49	56	0.875	6	440.265306122449
10636	20090307	pun	56	56	1	0	386.892857142857
10636	20090307	neut	52	56	0.928571428571429	3	395.288461538462
10636	20090307	rew	54	56	0.964285714285714	2	384.981481481481
10636	20100828	pun	52	56	0.928571428571429	1	364.923076923077
10636	20100828	neut	51	56	0.910714285714286	3	358.176470588235
10636	20100828	rew	47	56	0.839285714285714	8	360.872340425532
10636	20131125	pun	52	56	0.928571428571429	4	353
10636	20131125	neut	50	56	0.892857142857143	6	355.18
10636	20131125	rew	46	56	0.821428571428571	9	360.478260869565
10637	20090307	pun	29	56	0.517857142857143	16	463.344827586207
10637	20090307	neut	27	56	0.482142857142857	20	506.444444444444
10637	20090307	rew	23	56	0.410714285714286	21	504.347826086957
10637	20100828	pun	32	56	0.571428571428571	13	467
10637	20100828	neut	34	56	0.607142857142857	11	428.735294117647
10637	20100828	rew	17	56	0.303571428571429	21	471.823529411765
10637	20121112	pun	27	56	0.482142857142857	25	377.407407407407
10637	20121112	neut	22	56	0.392857142857143	30	383.727272727273
10637	20121112	rew	25	56	0.446428571428571	26	365.16
10638	20090312	pun	51	56	0.910714285714286	0	416.490196078431
10638	20090312	neut	44	56	0.785714285714286	5	417.75
10638	20090312	rew	47	56	0.839285714285714	4	410.531914893617
10638	20100809	pun	51	56	0.910714285714286	3	412.921568627451
10638	20100809	neut	49	56	0.875	4	422.102040816327
10638	20100809	rew	49	56	0.875	3	394.265306122449
10638	20120216	pun	44	56	0.785714285714286	9	387.636363636364
10638	20120216	neut	39	56	0.696428571428571	17	394.871794871795
10638	20120216	rew	45	56	0.803571428571429	10	390.444444444444
10644	20090323	pun	29	56	0.517857142857143	12	437.275862068966
10644	20090323	neut	31	56	0.553571428571429	8	437.064516129032
10644	20090323	rew	36	56	0.642857142857143	11	480
10644	20101111	pun	64	84	0.761904761904762	8	523.171875
10644	20101111	neut	72	84	0.857142857142857	8	465.791666666667
10644	20101111	rew	65	84	0.773809523809524	13	466.107692307692
10644	20120516	pun	43	56	0.767857142857143	12	426.627906976744
10644	20120516	neut	40	56	0.714285714285714	11	428.625
10644	20120516	rew	46	56	0.821428571428571	8	412.108695652174
10646	20090410	pun	31	56	0.553571428571429	10	662.096774193548
10646	20090410	neut	30	56	0.535714285714286	8	576.033333333333
10646	20090410	rew	28	56	0.5	13	638
10648	20100603	pun	8	56	0.142857142857143	19	511
10648	20100603	neut	11	56	0.196428571428571	19	511.090909090909
10648	20100603	rew	13	56	0.232142857142857	26	434.153846153846
10652	20090410	pun	40	56	0.714285714285714	13	500.925
10652	20090410	neut	41	56	0.732142857142857	10	527.560975609756
10652	20090410	rew	38	56	0.678571428571429	13	544
10652	20101016	pun	53	56	0.946428571428571	2	464.358490566038
10652	20101016	neut	45	56	0.803571428571429	8	472.022222222222
10652	20101016	rew	50	56	0.892857142857143	4	482.5
10653	20090401	pun	51	56	0.910714285714286	1	365.823529411765
10653	20090401	neut	54	56	0.964285714285714	0	399.944444444444
10653	20090401	rew	44	56	0.785714285714286	2	388.795454545455
10653	20101001	pun	50	56	0.892857142857143	6	350.76
10653	20101001	neut	50	56	0.892857142857143	5	360.34
10653	20101001	rew	49	56	0.875	5	359.918367346939
10653	20121205	pun	33	56	0.589285714285714	21	369.848484848485
10653	20121205	neut	40	56	0.714285714285714	13	368
10653	20121205	rew	39	56	0.696428571428571	15	392.794871794872
10654	20090408	pun	37	56	0.660714285714286	16	441.567567567568
10654	20090408	neut	35	56	0.625	19	446.542857142857
10654	20090408	rew	37	56	0.660714285714286	14	442.351351351351
10654	20100920	pun	45	56	0.803571428571429	9	461.866666666667
10654	20100920	neut	43	56	0.767857142857143	7	461.906976744186
10654	20100920	rew	41	56	0.732142857142857	8	489.487804878049
10654	20120430	pun	38	56	0.678571428571429	12	468.921052631579
10654	20120430	neut	43	56	0.767857142857143	10	461.883720930233
10654	20120430	rew	35	56	0.625	16	444.314285714286
10655	20090408	pun	38	56	0.678571428571429	15	391.5
10655	20090408	neut	34	56	0.607142857142857	21	396.852941176471
10655	20090408	rew	29	56	0.517857142857143	22	332.413793103448
10656	20090410	pun	10	28	0.357142857142857	11	366.2
10656	20090410	neut	10	28	0.357142857142857	13	398
10656	20090410	rew	6	28	0.214285714285714	14	342.333333333333
10661	20090507	pun	29	42	0.69047619047619	3	388.034482758621
10661	20090507	neut	35	42	0.833333333333333	2	398.457142857143
10661	20090507	rew	32	42	0.761904761904762	3	403.71875
10661	20110325	pun	38	56	0.678571428571429	16	413.210526315789
10661	20110325	neut	36	56	0.642857142857143	18	426.277777777778
10661	20110325	rew	35	56	0.625	21	416.8
10661	20120406	pun	47	56	0.839285714285714	3	405.829787234043
10661	20120406	neut	53	56	0.946428571428571	2	403.924528301887
10661	20120406	rew	50	56	0.892857142857143	4	391.66
10662	20090507	pun	42	56	0.75	6	461.261904761905
10662	20090507	neut	38	56	0.678571428571429	3	456.526315789474
10662	20090507	rew	39	56	0.696428571428571	3	486.282051282051
10662	20101123	pun	34	56	0.607142857142857	10	463.5
10662	20101123	neut	39	56	0.696428571428571	9	509.48717948718
10662	20101123	rew	36	56	0.642857142857143	8	475.194444444444
10662	20120406	pun	49	56	0.875	2	406.551020408163
10662	20120406	neut	48	56	0.857142857142857	2	405.25
10662	20120406	rew	50	56	0.892857142857143	2	419.06
10664	20090417	pun	49	56	0.875	7	356.673469387755
10664	20090417	neut	49	56	0.875	7	369.816326530612
10664	20090417	rew	46	56	0.821428571428571	9	360.521739130435
10665	20090417	pun	49	56	0.875	2	352.224489795918
10665	20090417	neut	53	56	0.946428571428571	1	358.471698113208
10665	20090417	rew	51	56	0.910714285714286	1	356.313725490196
10665	20101215	pun	42	56	0.75	11	361.071428571429
10665	20101215	rew	27	40	0.675	8	354.962962962963
10665	20120611	pun	52	56	0.928571428571429	2	330.942307692308
10665	20120611	neut	50	56	0.892857142857143	0	339.92
10665	20120611	rew	49	56	0.875	2	345.571428571429
10666	20090722	pun	52	56	0.928571428571429	2	427.192307692308
10666	20090722	neut	53	56	0.946428571428571	2	434.981132075472
10666	20090722	rew	40	56	0.714285714285714	11	443.625
10666	20110425	pun	53	56	0.946428571428571	3	442.88679245283
10666	20110425	neut	51	56	0.910714285714286	5	435.333333333333
10666	20110425	rew	48	56	0.857142857142857	6	453.875
10667	20090722	pun	53	56	0.946428571428571	2	439.490566037736
10667	20090722	neut	55	56	0.982142857142857	1	432.163636363636
10667	20090722	rew	53	56	0.946428571428571	1	459.301886792453
10667	20110415	pun	48	56	0.857142857142857	8	439.8125
10667	20110415	neut	52	56	0.928571428571429	2	425.019230769231
10667	20110415	rew	48	56	0.857142857142857	7	418.270833333333
10667	20120907	pun	48	56	0.857142857142857	6	446.625
10667	20120907	neut	52	56	0.928571428571429	4	449.25
10667	20120907	rew	52	56	0.928571428571429	4	489.903846153846
10671	20090606	pun	36	56	0.642857142857143	20	377.333333333333
10671	20090606	neut	40	56	0.714285714285714	16	350.55
10671	20090606	rew	40	56	0.714285714285714	16	350.15
10671	20110205	pun	54	56	0.964285714285714	1	341.425925925926
10671	20110205	neut	55	56	0.982142857142857	0	338.218181818182
10671	20110205	rew	51	56	0.910714285714286	3	346.470588235294
10672	20090606	pun	16	56	0.285714285714286	27	390.9375
10672	20090606	neut	23	56	0.410714285714286	24	390.782608695652
10672	20090606	rew	20	56	0.357142857142857	28	448.25
10672	20131025	pun	49	56	0.875	3	367.30612244898
10672	20131025	neut	52	56	0.928571428571429	2	376.961538461538
10672	20131025	rew	51	56	0.910714285714286	2	381.941176470588
10673	20090519	pun	43	56	0.767857142857143	12	526.186046511628
10673	20090519	neut	43	56	0.767857142857143	10	493.906976744186
10673	20090519	rew	48	56	0.857142857142857	6	519.270833333333
10673	20110221	pun	41	56	0.732142857142857	11	445.926829268293
10673	20110221	neut	37	56	0.660714285714286	18	447.756756756757
10673	20110221	rew	45	56	0.803571428571429	10	499.6
10673	20120821	neut	40	56	0.714285714285714	12	457.1
10673	20120821	rew	22	28	0.785714285714286	3	487.318181818182
10674	20090519	pun	48	56	0.857142857142857	3	475.083333333333
10674	20090519	neut	41	56	0.732142857142857	6	495.365853658537
10674	20090519	rew	36	56	0.642857142857143	10	525.138888888889
10675	20090519	pun	51	56	0.910714285714286	4	511.098039215686
10675	20090519	neut	44	56	0.785714285714286	3	505.113636363636
10675	20090519	rew	46	56	0.821428571428571	2	517.695652173913
10676	20090521	pun	41	56	0.732142857142857	13	377.341463414634
10676	20090521	neut	47	56	0.839285714285714	6	365.893617021277
10676	20090521	rew	43	56	0.767857142857143	9	380.697674418605
10677	20090606	pun	51	56	0.910714285714286	2	439.196078431373
10677	20090606	neut	47	56	0.839285714285714	9	427.170212765957
10677	20090606	rew	50	56	0.892857142857143	6	459.66
10677	20110604	pun	48	56	0.857142857142857	5	405
10677	20110604	neut	49	56	0.875	6	410.326530612245
10677	20110604	rew	47	56	0.839285714285714	9	416.382978723404
10677	20120803	pun	51	56	0.910714285714286	4	380.549019607843
10677	20120803	neut	51	56	0.910714285714286	1	375.058823529412
10677	20120803	rew	53	56	0.946428571428571	3	385.792452830189
10678	20090606	pun	16	56	0.285714285714286	35	331.875
10678	20090606	neut	24	56	0.428571428571429	30	343.541666666667
10678	20090606	rew	25	56	0.446428571428571	30	376.04
10678	20101218	pun	47	51	0.92156862745098	3	383.787234042553
10678	20101218	neut	7	9	0.777777777777778	2	437
10678	20101218	rew	33	36	0.916666666666667	3	419.272727272727
10678	20121219	pun	52	56	0.928571428571429	2	393.538461538462
10678	20121219	neut	45	56	0.803571428571429	6	377.422222222222
10678	20121219	rew	52	56	0.928571428571429	4	382.403846153846
10680	20090619	pun	46	56	0.821428571428571	4	472.065217391304
10680	20090619	neut	44	56	0.785714285714286	6	475.545454545455
10680	20090619	rew	37	56	0.660714285714286	8	481
10680	20101222	pun	50	51	0.980392156862745	1	438.24
10680	20101222	neut	9	9	1	0	459.222222222222
10680	20101222	rew	34	36	0.944444444444444	0	404.176470588235
10680	20120615	pun	50	56	0.892857142857143	5	406.26
10680	20120615	neut	52	56	0.928571428571429	2	405.923076923077
10680	20120615	rew	53	56	0.946428571428571	2	419.528301886792
10686	20090821	pun	55	56	0.982142857142857	0	328.981818181818
10686	20090821	neut	55	56	0.982142857142857	0	344.563636363636
10686	20090821	rew	55	56	0.982142857142857	0	327.309090909091
10689	20090611	pun	47	56	0.839285714285714	6	384.212765957447
10689	20090611	neut	50	56	0.892857142857143	5	376.22
10689	20090611	rew	43	56	0.767857142857143	10	389.279069767442
10689	20110310	pun	49	56	0.875	7	391.877551020408
10689	20110310	neut	48	56	0.857142857142857	8	382.708333333333
10689	20110310	rew	55	56	0.982142857142857	0	390.818181818182
10689	20120919	pun	22	56	0.392857142857143	32	438.045454545455
10689	20120919	neut	25	56	0.446428571428571	31	453.4
10689	20120919	rew	24	56	0.428571428571429	31	443.958333333333
10696	20090629	pun	29	56	0.517857142857143	8	426.413793103448
10696	20090629	neut	27	56	0.482142857142857	7	395.222222222222
10696	20090629	rew	28	56	0.5	9	404.678571428571
10697	20090620	pun	51	56	0.910714285714286	3	417.588235294118
10697	20090620	neut	48	56	0.857142857142857	4	413
10697	20090620	rew	50	56	0.892857142857143	4	425.68
10697	20110217	pun	52	56	0.928571428571429	4	391.903846153846
10697	20110217	neut	45	56	0.803571428571429	10	410.6
10697	20110217	rew	49	56	0.875	7	404.979591836735
10697	20120803	pun	39	56	0.696428571428571	15	395.435897435897
10697	20120803	neut	38	56	0.678571428571429	14	377.026315789474
10697	20120803	rew	34	56	0.607142857142857	16	376.382352941176
10699	20090810	pun	53	56	0.946428571428571	1	438.132075471698
10699	20090810	neut	52	56	0.928571428571429	1	431
10699	20090810	rew	50	56	0.892857142857143	0	450.36
10699	20110226	pun	53	56	0.946428571428571	1	403.471698113208
10699	20110226	neut	56	56	1	0	406.642857142857
10699	20110226	rew	53	56	0.946428571428571	3	421.056603773585
10699	20120915	pun	49	56	0.875	4	436.979591836735
10699	20120915	neut	51	56	0.910714285714286	3	429.78431372549
10699	20120915	rew	52	56	0.928571428571429	1	432.557692307692
10700	20090826	pun	56	56	1	0	431.410714285714
10700	20090826	neut	53	56	0.946428571428571	0	429.320754716981
10700	20090826	rew	55	56	0.982142857142857	0	427.890909090909
10700	20110317	pun	54	56	0.964285714285714	0	467.888888888889
10700	20110317	neut	53	56	0.946428571428571	1	451.415094339623
10700	20110317	rew	54	56	0.964285714285714	2	452.018518518519
10700	20120831	pun	56	56	1	0	406.857142857143
10700	20120831	neut	53	56	0.946428571428571	2	415.981132075472
10700	20120831	rew	55	56	0.982142857142857	1	423.181818181818
10701	20090804	pun	49	56	0.875	1	398.938775510204
10701	20090804	neut	50	56	0.892857142857143	0	397.56
10701	20090804	rew	47	56	0.839285714285714	1	405.042553191489
10701	20110323	pun	43	56	0.767857142857143	1	402.488372093023
10701	20110323	neut	38	56	0.678571428571429	3	399.315789473684
10701	20110323	rew	36	56	0.642857142857143	3	403
10701	20120906	pun	43	56	0.767857142857143	12	414.627906976744
10701	20120906	neut	44	56	0.785714285714286	10	405.295454545455
10701	20120906	rew	43	56	0.767857142857143	9	429.581395348837
10703	20090710	pun	45	56	0.803571428571429	7	463.333333333333
10703	20090710	neut	46	56	0.821428571428571	7	505.847826086957
10703	20090710	rew	40	56	0.714285714285714	12	469.675
10703	20110118	pun	49	56	0.875	4	478.448979591837
10703	20110118	neut	50	56	0.892857142857143	2	456.9
10703	20110118	rew	52	56	0.928571428571429	1	475.5
10703	20120726	pun	50	56	0.892857142857143	6	432.74
10703	20120726	neut	47	56	0.839285714285714	9	439.68085106383
10703	20120726	rew	50	56	0.892857142857143	4	431.32
10707	20090713	pun	51	56	0.910714285714286	3	432.666666666667
10707	20090713	neut	51	56	0.910714285714286	0	464.352941176471
10707	20090713	rew	48	56	0.857142857142857	5	444.458333333333
10708	20090723	pun	51	56	0.910714285714286	5	472.627450980392
10708	20090723	neut	51	56	0.910714285714286	5	483.549019607843
10708	20090723	rew	52	56	0.928571428571429	2	485.884615384615
10708	20110803	pun	41	56	0.732142857142857	15	452.073170731707
10708	20110803	neut	44	56	0.785714285714286	12	476.568181818182
10708	20110803	rew	40	56	0.714285714285714	16	424.425
10709	20090723	pun	47	56	0.839285714285714	2	455.340425531915
10709	20090723	neut	47	56	0.839285714285714	1	471.510638297872
10709	20090723	rew	44	56	0.785714285714286	7	456.977272727273
10709	20110803	pun	49	56	0.875	5	417.612244897959
10709	20110803	neut	48	56	0.857142857142857	5	439.333333333333
10709	20110803	rew	44	56	0.785714285714286	4	430.386363636364
10710	20090720	pun	51	56	0.910714285714286	2	386.333333333333
10710	20090720	neut	45	56	0.803571428571429	5	370.2
10710	20090720	rew	48	56	0.857142857142857	4	370.708333333333
10711	20090716	pun	43	56	0.767857142857143	2	434.744186046512
10711	20090716	neut	39	56	0.696428571428571	5	410.051282051282
10711	20090716	rew	41	56	0.732142857142857	4	424.024390243902
10711	20110126	pun	49	56	0.875	5	384.122448979592
10711	20110126	neut	47	56	0.839285714285714	4	379.255319148936
10711	20110126	rew	51	56	0.910714285714286	3	404.960784313725
10711	20121108	pun	52	56	0.928571428571429	4	345.769230769231
10711	20121108	neut	46	56	0.821428571428571	6	346.978260869565
10711	20121108	rew	49	56	0.875	5	341.408163265306
10712	20090720	pun	52	56	0.928571428571429	1	421.730769230769
10712	20090720	neut	43	56	0.767857142857143	2	423.023255813953
10712	20090720	rew	52	56	0.928571428571429	0	419.865384615385
10713	20090725	pun	53	56	0.946428571428571	3	499.320754716981
10713	20090725	neut	52	56	0.928571428571429	2	511.423076923077
10713	20090725	rew	53	56	0.946428571428571	3	531.943396226415
10713	20110212	pun	55	56	0.982142857142857	1	475.509090909091
10713	20110212	neut	52	56	0.928571428571429	3	462.038461538462
10713	20110212	rew	52	56	0.928571428571429	4	470.942307692308
10717	20090810	pun	33	56	0.589285714285714	13	539.727272727273
10717	20090810	neut	40	56	0.714285714285714	14	548.3
10717	20090810	rew	37	56	0.660714285714286	10	568.891891891892
10717	20110226	pun	49	56	0.875	3	492.510204081633
10717	20110226	neut	44	56	0.785714285714286	7	467.295454545455
10717	20110226	rew	44	56	0.785714285714286	9	501.613636363636
10717	20120915	pun	23	56	0.410714285714286	29	412.652173913043
10717	20120915	neut	22	56	0.392857142857143	29	371.5
10717	20120915	rew	25	56	0.446428571428571	28	406.96
10745	20090909	pun	56	56	1	0	390.625
10745	20090909	neut	55	56	0.982142857142857	0	397.436363636364
10745	20090909	rew	53	56	0.946428571428571	2	398.283018867925
10747	20090901	pun	51	56	0.910714285714286	3	359.352941176471
10747	20090901	neut	52	56	0.928571428571429	4	351.134615384615
10747	20090901	rew	52	56	0.928571428571429	1	364.692307692308
10747	20110514	pun	52	56	0.928571428571429	4	407.865384615385
10747	20110514	neut	50	56	0.892857142857143	6	408.86
10747	20110514	rew	51	56	0.910714285714286	4	397.823529411765
10747	20120828	pun	52	56	0.928571428571429	4	360.961538461538
10747	20120828	neut	51	56	0.910714285714286	4	346.921568627451
10747	20120828	rew	48	56	0.857142857142857	7	360.041666666667
10749	20090901	pun	37	56	0.660714285714286	7	478.189189189189
10749	20090901	neut	31	56	0.553571428571429	15	474.451612903226
10749	20090901	rew	28	56	0.5	9	504.214285714286
10749	20110616	pun	34	56	0.607142857142857	12	460.029411764706
10749	20110616	neut	31	56	0.553571428571429	18	455.548387096774
10749	20110616	rew	37	56	0.660714285714286	11	478.378378378378
10749	20130910	pun	51	56	0.910714285714286	5	422.411764705882
10749	20130910	neut	48	56	0.857142857142857	6	422.291666666667
10749	20130910	rew	52	56	0.928571428571429	2	425.442307692308
10757	20091028	pun	26	56	0.464285714285714	27	372.5
10757	20091028	neut	27	56	0.482142857142857	29	399.888888888889
10757	20091028	rew	28	56	0.5	27	374.035714285714
10757	20091124	pun	25	56	0.446428571428571	30	372.76
10757	20091124	neut	26	56	0.464285714285714	23	408.923076923077
10757	20091124	rew	23	56	0.410714285714286	30	400.086956521739
10757	20110601	pun	39	56	0.696428571428571	14	383.923076923077
10757	20110601	neut	45	56	0.803571428571429	11	389.577777777778
10757	20110601	rew	41	56	0.732142857142857	11	390.048780487805
10757	20121218	pun	28	56	0.5	24	366.535714285714
10757	20121218	neut	24	56	0.428571428571429	28	360.666666666667
10757	20121218	rew	27	56	0.482142857142857	26	362.148148148148
10758	20091031	pun	34	56	0.607142857142857	21	421.058823529412
10758	20091031	neut	33	56	0.589285714285714	22	381.181818181818
10758	20091031	rew	36	56	0.642857142857143	20	374.777777777778
10758	20110614	pun	52	56	0.928571428571429	4	368.903846153846
10758	20110614	neut	53	56	0.946428571428571	3	360
10758	20110614	rew	54	56	0.964285714285714	2	374.685185185185
10758	20121009	pun	46	56	0.821428571428571	8	375
10758	20121009	neut	46	56	0.821428571428571	9	382.195652173913
10758	20121009	rew	48	56	0.857142857142857	7	390.25
10760	20091031	pun	44	56	0.785714285714286	11	404.909090909091
10760	20091031	neut	44	56	0.785714285714286	7	444.068181818182
10760	20091031	rew	40	56	0.714285714285714	7	423.375
10760	20110513	pun	50	56	0.892857142857143	4	363.6
10760	20110513	neut	50	56	0.892857142857143	4	364.92
10760	20110513	rew	48	56	0.857142857142857	5	354.708333333333
10760	20121030	pun	54	56	0.964285714285714	1	345.296296296296
10760	20121030	neut	47	56	0.839285714285714	9	350
10760	20121030	rew	48	56	0.857142857142857	4	356.333333333333
10761	20091120	pun	32	56	0.571428571428571	22	462.5625
10761	20091120	neut	36	56	0.642857142857143	18	412.777777777778
10761	20091120	rew	29	56	0.517857142857143	24	441.413793103448
10761	20110519	pun	53	56	0.946428571428571	3	427.396226415094
10761	20110519	neut	51	56	0.910714285714286	3	419.686274509804
10761	20110519	rew	48	56	0.857142857142857	4	410.145833333333
10761	20121001	pun	35	56	0.625	17	415.457142857143
10761	20121001	neut	40	56	0.714285714285714	12	447.025
10761	20121001	rew	35	56	0.625	16	437.685714285714
10762	20091130	pun	35	56	0.625	17	408.171428571429
10762	20091130	neut	46	56	0.821428571428571	9	373.608695652174
10762	20091130	rew	40	56	0.714285714285714	13	392.325
10762	20110907	pun	55	56	0.982142857142857	1	357.781818181818
10762	20110907	neut	55	56	0.982142857142857	0	345.018181818182
10762	20110907	rew	54	56	0.964285714285714	1	347
10765	20091116	pun	54	56	0.964285714285714	1	363.314814814815
10765	20091116	neut	53	56	0.946428571428571	3	357.547169811321
10765	20091116	rew	55	56	0.982142857142857	1	373.472727272727
10765	20110912	pun	51	56	0.910714285714286	4	345.078431372549
10765	20110912	neut	53	56	0.946428571428571	3	342.547169811321
10765	20110912	rew	52	56	0.928571428571429	4	353.692307692308
10765	20121024	pun	50	56	0.892857142857143	5	336.84
10765	20121024	neut	46	56	0.821428571428571	8	329.804347826087
10765	20121024	rew	48	56	0.857142857142857	7	341.666666666667
10766	20091201	pun	27	56	0.482142857142857	28	346.962962962963
10766	20091201	neut	33	56	0.589285714285714	20	365.969696969697
10766	20091201	rew	31	56	0.553571428571429	24	383.483870967742
10766	20110915	pun	54	56	0.964285714285714	2	390.092592592593
10766	20110915	neut	53	56	0.946428571428571	2	394.132075471698
10766	20110915	rew	51	56	0.910714285714286	5	399.039215686275
10766	20130130	pun	46	56	0.821428571428571	9	382.195652173913
10766	20130130	neut	48	56	0.857142857142857	8	373.958333333333
10766	20130130	rew	52	56	0.928571428571429	4	386.865384615385
10767	20091216	pun	41	56	0.732142857142857	12	462.463414634146
10767	20091216	neut	39	56	0.696428571428571	12	457
10767	20091216	rew	41	56	0.732142857142857	11	482.365853658537
10767	20110523	pun	9	14	0.642857142857143	2	531.666666666667
10767	20110523	neut	8	14	0.571428571428571	4	516.375
10767	20110523	rew	14	14	1	0	532.071428571429
10767	20131207	pun	52	56	0.928571428571429	2	392.903846153846
10767	20131207	neut	53	56	0.946428571428571	3	396.641509433962
10767	20131207	rew	52	56	0.928571428571429	1	394.423076923077
10768	20091202	pun	44	56	0.785714285714286	12	385.681818181818
10768	20091202	neut	49	56	0.875	7	377.959183673469
10768	20091202	rew	48	56	0.857142857142857	8	385.5
10768	20121212	pun	44	56	0.785714285714286	12	374.863636363636
10768	20121212	neut	43	56	0.767857142857143	11	380.627906976744
10768	20121212	rew	44	56	0.785714285714286	12	408.795454545455
10772	20091224	pun	40	56	0.714285714285714	11	567.25
10772	20091224	neut	32	56	0.571428571428571	14	581.6875
10772	20091224	rew	29	56	0.517857142857143	13	543.655172413793
10772	20120503	pun	50	56	0.892857142857143	2	446
10772	20120503	neut	55	56	0.982142857142857	1	468.690909090909
10772	20120503	rew	53	56	0.946428571428571	2	466.509433962264
10773	20100102	pun	50	56	0.892857142857143	0	448.88
10773	20100102	neut	42	56	0.75	6	453.333333333333
10773	20100102	rew	39	56	0.696428571428571	4	478.51282051282
10773	20110709	pun	49	56	0.875	3	369.326530612245
10773	20110709	neut	51	56	0.910714285714286	4	384.019607843137
10773	20110709	rew	48	56	0.857142857142857	5	378.166666666667
10773	20130228	pun	52	56	0.928571428571429	4	346.019230769231
10773	20130228	neut	54	56	0.964285714285714	2	343.574074074074
10773	20130228	rew	53	56	0.946428571428571	3	352.037735849057
10774	20100102	pun	33	56	0.589285714285714	20	375.909090909091
10774	20100102	neut	38	56	0.678571428571429	17	376.5
10774	20100102	rew	41	56	0.732142857142857	13	360.09756097561
10774	20110709	pun	53	56	0.946428571428571	3	323.660377358491
10774	20110709	neut	55	56	0.982142857142857	1	316.381818181818
10774	20110709	rew	51	56	0.910714285714286	2	321.705882352941
10774	20130228	pun	49	56	0.875	7	312.632653061225
10774	20130228	neut	48	56	0.857142857142857	8	325.4375
10774	20130228	rew	54	56	0.964285714285714	2	320.574074074074
10777	20100125	pun	13	56	0.232142857142857	35	551.769230769231
10777	20100125	neut	13	56	0.232142857142857	34	600.153846153846
10777	20100125	rew	6	56	0.107142857142857	41	684.5
10778	20100326	pun	54	56	0.964285714285714	2	386
10778	20100326	neut	52	56	0.928571428571429	4	385.057692307692
10778	20100326	rew	51	56	0.910714285714286	5	404.705882352941
10779	20100218	pun	41	56	0.732142857142857	9	427.926829268293
10779	20100218	neut	48	56	0.857142857142857	3	411.416666666667
10779	20100218	rew	46	56	0.821428571428571	6	414.347826086957
10780	20100331	pun	47	56	0.839285714285714	3	514.851063829787
10780	20100331	neut	42	56	0.75	7	507.738095238095
10780	20100331	rew	42	56	0.75	8	551.309523809524
10780	20110823	pun	27	56	0.482142857142857	22	508
10780	20110823	neut	34	56	0.607142857142857	19	473.5
10780	20110823	rew	20	56	0.357142857142857	29	488.8
10780	20130625	pun	53	56	0.946428571428571	2	479.77358490566
10780	20130625	neut	52	56	0.928571428571429	1	469.865384615385
10780	20130625	rew	48	56	0.857142857142857	3	484.0625
10782	20100323	pun	43	56	0.767857142857143	12	384.767441860465
10782	20100323	neut	48	56	0.857142857142857	6	389.645833333333
10782	20100323	rew	43	56	0.767857142857143	8	400.348837209302
10783	20100330	pun	41	56	0.732142857142857	9	580.463414634146
10783	20100330	neut	46	56	0.821428571428571	6	575.086956521739
10783	20100330	rew	44	56	0.785714285714286	9	585.022727272727
10784	20100331	pun	45	56	0.803571428571429	10	317.133333333333
10784	20100331	neut	42	56	0.75	14	326.119047619048
10784	20100331	rew	36	56	0.642857142857143	18	344.944444444444
10786	20100319	pun	51	56	0.910714285714286	4	347.803921568627
10786	20100319	neut	51	56	0.910714285714286	5	345.764705882353
10786	20100319	rew	42	56	0.75	11	385.785714285714
10786	20111201	pun	55	56	0.982142857142857	1	336.690909090909
10786	20111201	neut	53	56	0.946428571428571	1	342.150943396226
10786	20111201	rew	52	56	0.928571428571429	3	352.846153846154
10786	20131209	pun	48	56	0.857142857142857	6	341.416666666667
10786	20131209	neut	47	56	0.839285714285714	9	354.170212765957
10786	20131209	rew	40	56	0.714285714285714	14	357.175
10787	20100519	pun	46	56	0.821428571428571	6	462.217391304348
10787	20100519	neut	45	56	0.803571428571429	4	470.4
10787	20100519	rew	47	56	0.839285714285714	4	478.872340425532
10788	20100326	pun	55	56	0.982142857142857	0	368.818181818182
10788	20100326	neut	52	56	0.928571428571429	2	373.038461538462
10788	20100326	rew	52	56	0.928571428571429	2	374.019230769231
10788	20111217	pun	52	56	0.928571428571429	2	377.423076923077
10788	20111217	neut	50	56	0.892857142857143	2	387.6
10788	20111217	rew	54	56	0.964285714285714	2	380.574074074074
10790	20100409	pun	37	56	0.660714285714286	6	433.513513513513
10790	20100409	neut	37	56	0.660714285714286	5	442.027027027027
10790	20100409	rew	33	56	0.589285714285714	8	485.606060606061
10790	20131014	pun	39	56	0.696428571428571	2	439.897435897436
10790	20131014	neut	39	56	0.696428571428571	1	462.948717948718
10790	20131014	rew	37	56	0.660714285714286	7	461.297297297297
10796	20100520	pun	53	56	0.946428571428571	2	417.188679245283
10796	20100520	neut	53	56	0.946428571428571	3	394.207547169811
10796	20100520	rew	52	56	0.928571428571429	3	433.576923076923
10796	20120220	pun	52	56	0.928571428571429	4	400.057692307692
10796	20120220	neut	51	56	0.910714285714286	4	388.294117647059
10796	20120220	rew	54	56	0.964285714285714	2	402.944444444444
10796	20130325	pun	32	56	0.571428571428571	22	342.90625
10796	20130325	neut	28	56	0.5	28	336.107142857143
10796	20130325	rew	29	56	0.517857142857143	27	349.655172413793
10797	20100405	pun	52	56	0.928571428571429	2	432.615384615385
10797	20100405	neut	48	56	0.857142857142857	3	423.041666666667
10797	20100405	rew	51	56	0.910714285714286	4	440.56862745098
10797	20111128	pun	55	56	0.982142857142857	0	412.981818181818
10797	20111128	neut	56	56	1	0	383.535714285714
10797	20111128	rew	55	56	0.982142857142857	1	402.309090909091
10797	20130524	pun	49	56	0.875	5	423.183673469388
10797	20130524	neut	54	56	0.964285714285714	1	424.537037037037
10797	20130524	rew	50	56	0.892857142857143	5	425.46
10798	20100518	pun	33	56	0.589285714285714	10	424.333333333333
10798	20100518	neut	32	56	0.571428571428571	4	404.6875
10798	20100518	rew	39	56	0.696428571428571	0	404.51282051282
10798	20111215	pun	34	56	0.607142857142857	4	390.882352941176
10798	20111215	neut	31	56	0.553571428571429	4	425.032258064516
10798	20111215	rew	39	56	0.696428571428571	3	409.846153846154
10798	20131007	pun	48	56	0.857142857142857	6	369.291666666667
10798	20131007	neut	45	56	0.803571428571429	4	407.133333333333
10798	20131007	rew	48	56	0.857142857142857	3	386.354166666667
10800	20100424	pun	48	56	0.857142857142857	6	422.333333333333
10800	20100424	neut	49	56	0.875	2	438.285714285714
10800	20100424	rew	45	56	0.803571428571429	4	419.111111111111
10801	20100426	pun	41	56	0.732142857142857	15	424.439024390244
10801	20100426	neut	44	56	0.785714285714286	12	429.977272727273
10801	20100426	rew	39	56	0.696428571428571	14	446.153846153846
10802	20100326	pun	44	56	0.785714285714286	10	369.704545454545
10802	20100326	neut	40	56	0.714285714285714	15	376.775
10802	20100326	rew	43	56	0.767857142857143	13	384.581395348837
10802	20130528	pun	41	56	0.732142857142857	13	413.317073170732
10802	20130528	neut	46	56	0.821428571428571	5	447.347826086957
10802	20130528	rew	46	56	0.821428571428571	8	447.826086956522
10803	20100414	pun	51	56	0.910714285714286	1	438.019607843137
10803	20100414	neut	53	56	0.946428571428571	2	432.811320754717
10803	20100414	rew	53	56	0.946428571428571	0	444.792452830189
10804	20100525	pun	40	56	0.714285714285714	4	595.475
10804	20100525	neut	39	56	0.696428571428571	5	620.230769230769
10804	20100525	rew	37	56	0.660714285714286	3	644.351351351351
10804	20111203	pun	22	56	0.392857142857143	15	504.772727272727
10804	20111203	neut	29	56	0.517857142857143	7	454.586206896552
10804	20111203	rew	25	56	0.446428571428571	12	466.12
10805	20100412	pun	52	56	0.928571428571429	4	408.961538461538
10805	20100412	neut	52	56	0.928571428571429	3	390.615384615385
10805	20100412	rew	51	56	0.910714285714286	3	405.21568627451
10805	20111103	pun	48	56	0.857142857142857	8	359.375
10805	20111103	neut	47	56	0.839285714285714	9	357.723404255319
10805	20111103	rew	47	56	0.839285714285714	9	356.659574468085
10805	20130508	pun	49	56	0.875	5	367.061224489796
10805	20130508	neut	50	56	0.892857142857143	5	375.56
10805	20130508	rew	52	56	0.928571428571429	3	375.653846153846
10806	20100421	pun	37	56	0.660714285714286	8	543.108108108108
10806	20100421	neut	36	56	0.642857142857143	6	545.027777777778
10806	20100421	rew	39	56	0.696428571428571	8	513.615384615385
10806	20111230	pun	52	56	0.928571428571429	1	444.846153846154
10806	20111230	neut	44	56	0.785714285714286	3	466.045454545455
10806	20111230	rew	46	56	0.821428571428571	1	463.652173913043
10807	20100412	pun	40	56	0.714285714285714	10	465.925
10807	20100412	neut	40	56	0.714285714285714	10	490.875
10807	20100412	rew	34	56	0.607142857142857	15	437.529411764706
10808	20100501	pun	53	56	0.946428571428571	2	442.358490566038
10808	20100501	neut	51	56	0.910714285714286	1	451.56862745098
10808	20100501	rew	50	56	0.892857142857143	4	459.44
10808	20120629	pun	51	56	0.910714285714286	4	439.274509803922
10808	20120629	neut	52	56	0.928571428571429	4	425.807692307692
10808	20120629	rew	54	56	0.964285714285714	1	421.12962962963
10808	20130709	pun	50	56	0.892857142857143	5	394.7
10808	20130709	neut	51	56	0.910714285714286	3	390
10808	20130709	rew	50	56	0.892857142857143	5	428.62
10809	20100607	pun	36	56	0.642857142857143	7	400.666666666667
10809	20100607	neut	37	56	0.660714285714286	10	414.567567567568
10809	20100607	rew	30	56	0.535714285714286	14	427.1
10809	20120405	pun	41	56	0.732142857142857	12	439.121951219512
10809	20120405	neut	34	56	0.607142857142857	21	441.441176470588
10809	20120405	rew	33	56	0.589285714285714	17	461.242424242424
10809	20131111	pun	50	56	0.892857142857143	3	466.74
10809	20131111	neut	40	56	0.714285714285714	5	458.725
10809	20131111	rew	46	56	0.821428571428571	9	475.782608695652
10811	20100410	pun	37	56	0.660714285714286	11	472.162162162162
10811	20100410	neut	33	56	0.589285714285714	11	483.636363636364
10811	20100410	rew	28	56	0.5	14	460.285714285714
10811	20111116	pun	40	56	0.714285714285714	2	494.275
10811	20111116	neut	38	56	0.678571428571429	8	465.815789473684
10811	20111116	rew	35	56	0.625	6	461.857142857143
10811	20140417	pun	42	56	0.75	9	408.595238095238
10811	20140417	neut	45	56	0.803571428571429	7	409.488888888889
10811	20140417	rew	45	56	0.803571428571429	9	413.511111111111
10812	20100508	pun	47	56	0.839285714285714	5	505.936170212766
10812	20100508	neut	53	56	0.946428571428571	1	492.490566037736
10812	20100508	rew	50	56	0.892857142857143	4	504.86
10812	20111206	pun	51	56	0.910714285714286	3	421
10812	20111206	neut	53	56	0.946428571428571	2	412.320754716981
10812	20111206	rew	51	56	0.910714285714286	3	450.666666666667
10812	20140109	pun	51	56	0.910714285714286	5	429.745098039216
10812	20140109	neut	49	56	0.875	3	422.979591836735
10812	20140109	rew	53	56	0.946428571428571	1	458.641509433962
10813	20100422	pun	29	56	0.517857142857143	22	455.51724137931
10813	20100422	neut	35	56	0.625	11	467.485714285714
10813	20100422	rew	36	56	0.642857142857143	17	444.666666666667
10813	20120106	pun	48	56	0.857142857142857	2	437.583333333333
10813	20120106	neut	46	56	0.821428571428571	4	416.195652173913
10813	20120106	rew	49	56	0.875	2	423.714285714286
10814	20100524	pun	41	56	0.732142857142857	11	404.975609756098
10814	20100524	neut	48	56	0.857142857142857	6	427.083333333333
10814	20100524	rew	41	56	0.732142857142857	10	397.439024390244
10814	20120208	pun	20	28	0.714285714285714	7	421.75
10814	20120208	neut	21	28	0.75	7	435.571428571429
10814	20120208	rew	22	28	0.785714285714286	6	399.318181818182
10814	20130731	pun	46	56	0.821428571428571	10	424.217391304348
10814	20130731	neut	44	56	0.785714285714286	12	420.636363636364
10814	20130731	rew	42	56	0.75	12	411.928571428571
10817	20100515	pun	43	56	0.767857142857143	5	405.581395348837
10817	20100515	neut	45	56	0.803571428571429	5	427.311111111111
10817	20100515	rew	39	56	0.696428571428571	7	437.820512820513
10817	20111220	pun	34	56	0.607142857142857	20	358.676470588235
10817	20111220	neut	28	56	0.5	25	361.035714285714
10817	20111220	rew	35	56	0.625	19	363.628571428571
10818	20100626	pun	54	56	0.964285714285714	0	411.074074074074
10818	20100626	neut	47	56	0.839285714285714	2	400.276595744681
10818	20100626	rew	44	56	0.785714285714286	8	403.363636363636
10818	20120714	pun	32	56	0.571428571428571	18	383.03125
10818	20120714	neut	32	56	0.571428571428571	17	363.65625
10818	20120714	rew	31	56	0.553571428571429	19	406.161290322581
10820	20100622	pun	22	56	0.392857142857143	14	494.090909090909
10820	20100622	neut	17	56	0.303571428571429	13	444.588235294118
10820	20100622	rew	19	56	0.339285714285714	13	465.631578947368
10820	20121025	pun	27	56	0.482142857142857	22	440.222222222222
10820	20121025	neut	28	56	0.5	22	464.178571428571
10820	20121025	rew	26	56	0.464285714285714	17	477.961538461538
10821	20100625	pun	33	56	0.589285714285714	21	752.363636363636
10821	20100625	neut	24	56	0.428571428571429	23	710.166666666667
10821	20100625	rew	34	56	0.607142857142857	18	730.323529411765
10821	20120321	pun	35	56	0.625	8	552.028571428571
10821	20120321	neut	39	56	0.696428571428571	6	536.487179487179
10821	20120321	rew	38	56	0.678571428571429	7	547.421052631579
10821	20140529	pun	38	56	0.678571428571429	13	529.184210526316
10821	20140529	neut	36	56	0.642857142857143	14	556.416666666667
10821	20140529	rew	32	56	0.571428571428571	15	545.90625
10822	20100622	pun	29	42	0.69047619047619	4	467.758620689655
10822	20100622	neut	29	42	0.69047619047619	3	477.689655172414
10822	20100622	rew	32	42	0.761904761904762	0	472.65625
10822	20120229	pun	38	56	0.678571428571429	12	433.105263157895
10822	20120229	neut	35	56	0.625	9	399.771428571429
10822	20120229	rew	36	56	0.642857142857143	14	391.138888888889
10822	20130812	pun	35	56	0.625	17	384.828571428571
10822	20130812	neut	32	56	0.571428571428571	18	378.78125
10822	20130812	rew	36	56	0.642857142857143	17	393.555555555556
10823	20100723	pun	22	36	0.611111111111111	4	478.545454545455
10823	20100723	neut	20	36	0.555555555555556	7	501
10823	20100723	rew	18	35	0.514285714285714	8	509.944444444444
10824	20100723	pun	42	56	0.75	7	416.333333333333
10824	20100723	neut	37	56	0.660714285714286	5	462.189189189189
10824	20100723	rew	35	56	0.625	7	466.771428571429
10824	20111108	pun	52	56	0.928571428571429	0	353.846153846154
10824	20111108	neut	53	56	0.946428571428571	2	363.283018867925
10824	20111108	rew	52	56	0.928571428571429	1	366.076923076923
10824	20131002	pun	50	56	0.892857142857143	3	390.62
10824	20131002	neut	42	56	0.75	5	379.809523809524
10824	20131002	rew	46	56	0.821428571428571	4	395.086956521739
10826	20100726	pun	40	56	0.714285714285714	15	487.775
10826	20100726	neut	38	56	0.678571428571429	17	471.921052631579
10826	20100726	rew	34	56	0.607142857142857	16	496.970588235294
10826	20120911	pun	32	56	0.571428571428571	18	410.9375
10826	20120911	neut	34	56	0.607142857142857	12	420.617647058824
10826	20120911	rew	40	56	0.714285714285714	9	413.425
10826	20140414	pun	41	56	0.732142857142857	10	452.390243902439
10826	20140414	neut	38	56	0.678571428571429	10	457.868421052632
10826	20140414	rew	33	56	0.589285714285714	17	439.575757575758
10827	20100726	pun	34	56	0.607142857142857	11	475.235294117647
10827	20100726	neut	27	56	0.482142857142857	18	474.148148148148
10827	20100726	rew	26	56	0.464285714285714	16	451.076923076923
10836	20100722	pun	43	56	0.767857142857143	10	357.53488372093
10836	20100722	neut	42	56	0.75	11	354.119047619048
10836	20100722	rew	42	56	0.75	12	351.309523809524
10839	20100821	pun	54	56	0.964285714285714	2	547.87037037037
10839	20100821	neut	55	56	0.982142857142857	1	533.418181818182
10839	20100821	rew	52	56	0.928571428571429	2	548.730769230769
10839	20120213	pun	45	56	0.803571428571429	1	412.311111111111
10839	20120213	neut	47	56	0.839285714285714	6	419.489361702128
10839	20120213	rew	45	56	0.803571428571429	7	428.177777777778
10839	20130916	pun	39	56	0.696428571428571	11	421.48717948718
10839	20130916	neut	49	56	0.875	4	430.795918367347
10839	20130916	rew	40	56	0.714285714285714	10	415.15
10840	20100821	pun	52	56	0.928571428571429	3	409.673076923077
10840	20100821	neut	52	56	0.928571428571429	3	435.788461538462
10840	20100821	rew	46	56	0.821428571428571	6	440.630434782609
10840	20120207	pun	50	56	0.892857142857143	6	381.64
10840	20120207	neut	50	56	0.892857142857143	5	381.96
10840	20120207	rew	46	56	0.821428571428571	10	381.434782608696
10841	20100820	pun	45	56	0.803571428571429	6	398.422222222222
10841	20100820	neut	41	56	0.732142857142857	10	368.585365853659
10841	20100820	rew	43	56	0.767857142857143	7	391.232558139535
10841	20120618	pun	49	56	0.875	5	413.122448979592
10841	20120618	neut	51	56	0.910714285714286	4	423.117647058824
10841	20120618	rew	50	56	0.892857142857143	2	433.38
10842	20100823	pun	49	56	0.875	2	529.897959183673
10842	20100823	neut	47	56	0.839285714285714	5	515.191489361702
10842	20100823	rew	49	56	0.875	3	506.34693877551
10843	20100816	pun	35	56	0.625	14	535.857142857143
10843	20100816	neut	40	56	0.714285714285714	6	584.35
10843	20100816	rew	38	56	0.678571428571429	11	515.578947368421
10843	20120406	pun	47	56	0.839285714285714	3	652.382978723404
10843	20120406	neut	45	56	0.803571428571429	3	563.4
10843	20120406	rew	43	56	0.767857142857143	4	591.302325581395
10845	20100924	pun	34	56	0.607142857142857	11	387.294117647059
10845	20100924	neut	26	56	0.464285714285714	14	388.153846153846
10845	20100924	rew	21	56	0.375	17	407.333333333333
10845	20120809	pun	39	56	0.696428571428571	6	385.615384615385
10845	20120809	neut	34	56	0.607142857142857	9	377.323529411765
10845	20120809	rew	37	56	0.660714285714286	6	367.27027027027
10847	20101016	pun	47	56	0.839285714285714	0	508.765957446808
10847	20101016	neut	40	56	0.714285714285714	4	515.975
10847	20101016	rew	38	56	0.678571428571429	3	489.815789473684
10847	20120616	pun	30	56	0.535714285714286	9	512.133333333333
10847	20120616	neut	28	56	0.5	12	452.142857142857
10847	20120616	rew	28	56	0.5	13	491.714285714286
10847	20131005	pun	15	53	0.283018867924528	28	443.266666666667
10847	20131005	neut	16	54	0.296296296296296	27	492.25
10847	20131005	rew	12	52	0.230769230769231	27	447.166666666667
10849	20101115	pun	51	56	0.910714285714286	3	453.882352941176
10849	20101115	neut	49	56	0.875	1	486.938775510204
10849	20101115	rew	51	56	0.910714285714286	1	474.039215686275
10849	20120813	pun	44	56	0.785714285714286	4	510.727272727273
10849	20120813	neut	44	56	0.785714285714286	6	483.431818181818
10849	20120813	rew	35	56	0.625	4	476.571428571429
10849	20140102	pun	38	56	0.678571428571429	13	532.447368421053
10849	20140102	neut	35	56	0.625	15	531.771428571429
10849	20140102	rew	30	56	0.535714285714286	21	528.366666666667
10850	20101115	pun	42	56	0.75	9	489.071428571429
10850	20101115	neut	45	56	0.803571428571429	5	525.777777777778
10850	20101115	rew	45	56	0.803571428571429	6	544.2
10850	20121214	pun	21	56	0.375	33	478.142857142857
10850	20121214	neut	15	56	0.267857142857143	39	494.266666666667
10850	20121214	rew	16	56	0.285714285714286	37	493.1875
10850	20140204	pun	48	56	0.857142857142857	8	457.833333333333
10850	20140204	neut	50	56	0.892857142857143	5	460.64
10850	20140204	rew	46	56	0.821428571428571	9	451.760869565217
10851	20101207	pun	43	56	0.767857142857143	3	539.325581395349
10851	20101207	rew	28	40	0.7	3	542.428571428571
10851	20120921	pun	31	56	0.553571428571429	20	551.290322580645
10851	20120921	neut	28	56	0.5	22	563.25
10851	20120921	rew	23	56	0.410714285714286	27	543.521739130435
10851	20131113	pun	51	56	0.910714285714286	1	467.450980392157
10851	20131113	neut	53	56	0.946428571428571	0	472.754716981132
10851	20131113	rew	51	56	0.910714285714286	0	476.294117647059
10852	20101213	pun	49	56	0.875	4	440.510204081633
10852	20101213	rew	37	40	0.925	3	450.432432432432
10852	20120924	pun	40	56	0.714285714285714	11	534.3
10852	20120924	neut	41	56	0.732142857142857	12	493.19512195122
10852	20120924	rew	39	56	0.696428571428571	14	492.641025641026
10852	20140207	pun	44	56	0.785714285714286	10	398.363636363636
10852	20140207	neut	45	56	0.803571428571429	11	397.333333333333
10852	20140207	rew	44	56	0.785714285714286	12	399.772727272727
10869	20110120	pun	47	56	0.839285714285714	8	376.063829787234
10869	20110120	neut	49	56	0.875	5	394.040816326531
10869	20110120	rew	51	56	0.910714285714286	1	402.450980392157
10869	20121005	pun	56	56	1	0	360.946428571429
10869	20121005	neut	53	56	0.946428571428571	0	367.849056603774
10869	20121005	rew	56	56	1	0	377.035714285714
10870	20110107	pun	38	56	0.678571428571429	16	375.263157894737
10870	20110107	neut	39	56	0.696428571428571	17	367.48717948718
10870	20110107	rew	39	56	0.696428571428571	13	370.461538461538
10871	20110103	pun	42	56	0.75	3	532.619047619048
10871	20110103	neut	41	56	0.732142857142857	8	497.80487804878
10871	20110103	rew	45	56	0.803571428571429	4	542.355555555556
10872	20110113	pun	39	56	0.696428571428571	17	371.897435897436
10872	20110113	neut	41	56	0.732142857142857	14	383.707317073171
10872	20110113	rew	42	56	0.75	13	365.952380952381
10872	20120927	pun	47	56	0.839285714285714	9	369.510638297872
10872	20120927	neut	48	56	0.857142857142857	7	379.479166666667
10872	20120927	rew	43	56	0.767857142857143	12	374.162790697674
10872	20131202	pun	28	42	0.666666666666667	13	349.392857142857
10872	20131202	neut	34	42	0.80952380952381	8	341.029411764706
10872	20131202	rew	35	42	0.833333333333333	6	358.885714285714
10873	20110209	pun	53	56	0.946428571428571	2	369.849056603774
10873	20110209	neut	54	56	0.964285714285714	1	387.296296296296
10873	20110209	rew	55	56	0.982142857142857	1	372.981818181818
10873	20120807	pun	54	56	0.964285714285714	2	398.685185185185
10873	20120807	neut	53	56	0.946428571428571	3	407.037735849057
10873	20120807	rew	52	56	0.928571428571429	4	396.826923076923
10873	20140217	pun	55	56	0.982142857142857	1	412.872727272727
10873	20140217	neut	53	56	0.946428571428571	2	398.245283018868
10873	20140217	rew	54	56	0.964285714285714	2	398.666666666667
10874	20110119	pun	49	56	0.875	5	405.755102040816
10874	20110119	neut	48	56	0.857142857142857	5	410.791666666667
10874	20110119	rew	50	56	0.892857142857143	3	404.96
10875	20110402	pun	41	56	0.732142857142857	14	421.658536585366
10875	20110402	neut	44	56	0.785714285714286	10	421.613636363636
10875	20110402	rew	41	56	0.732142857142857	9	439.756097560976
10877	20110212	pun	34	56	0.607142857142857	22	450.382352941176
10877	20110212	neut	25	56	0.446428571428571	30	423
10877	20110212	rew	26	56	0.464285714285714	29	454.5
10879	20110331	pun	50	56	0.892857142857143	1	386.76
10879	20110331	neut	51	56	0.910714285714286	2	390.56862745098
10879	20110331	rew	44	56	0.785714285714286	6	383.295454545455
10879	20121110	pun	55	56	0.982142857142857	0	372.509090909091
10879	20121110	neut	55	56	0.982142857142857	1	369.509090909091
10879	20121110	rew	53	56	0.946428571428571	2	362.452830188679
10880	20110407	pun	44	56	0.785714285714286	4	446.136363636364
10880	20110407	neut	38	56	0.678571428571429	3	484.710526315789
10880	20110407	rew	34	56	0.607142857142857	5	479.235294117647
10880	20120926	pun	36	42	0.857142857142857	2	559.222222222222
10880	20120926	neut	32	42	0.761904761904762	1	543.1875
10880	20120926	rew	32	42	0.761904761904762	0	597.78125
10880	20140311	pun	50	56	0.892857142857143	4	431.98
10880	20140311	neut	49	56	0.875	4	457.040816326531
10880	20140311	rew	49	56	0.875	2	451.69387755102
10881	20110520	pun	44	56	0.785714285714286	11	434.340909090909
10881	20110520	neut	49	56	0.875	6	458.69387755102
10881	20110520	rew	44	56	0.785714285714286	12	435.727272727273
10881	20121210	pun	33	48	0.6875	12	390
10881	20121210	neut	33	46	0.717391304347826	12	405.515151515152
10881	20121210	rew	34	48	0.708333333333333	10	402.294117647059
10887	20110531	pun	47	56	0.839285714285714	7	424.510638297872
10887	20110531	neut	52	56	0.928571428571429	4	422.269230769231
10887	20110531	rew	53	56	0.946428571428571	3	424.301886792453
10887	20121107	pun	43	56	0.767857142857143	10	414.162790697674
10887	20121107	neut	49	56	0.875	7	396.163265306122
10887	20121107	rew	41	56	0.732142857142857	13	423.853658536585
10888	20110608	pun	51	56	0.910714285714286	3	496
10888	20110608	neut	53	56	0.946428571428571	2	507.849056603774
10888	20110608	rew	42	56	0.75	13	568.380952380952
10959	20130815	pun	53	56	0.946428571428571	3	415.452830188679
10959	20130815	neut	46	56	0.821428571428571	8	412.239130434783
10959	20130815	rew	51	56	0.910714285714286	1	405.509803921569
11055	20121102	pun	37	56	0.660714285714286	7	459.918918918919
11055	20121102	neut	39	56	0.696428571428571	8	443.717948717949
11055	20121102	rew	39	56	0.696428571428571	8	440.128205128205
11056	20121023	pun	53	56	0.946428571428571	3	394.132075471698
11056	20121023	neut	53	56	0.946428571428571	3	381.88679245283
11056	20121023	rew	51	56	0.910714285714286	5	400.156862745098
11058	20121109	pun	40	56	0.714285714285714	8	442.225
11058	20121109	neut	42	56	0.75	8	448.857142857143
11058	20121109	rew	39	56	0.696428571428571	10	436.897435897436
11059	20121022	pun	44	56	0.785714285714286	10	389.090909090909
11059	20121022	neut	37	56	0.660714285714286	11	415.054054054054
11059	20121022	rew	51	56	0.910714285714286	1	432.627450980392
11062	20121102	pun	34	56	0.607142857142857	18	356.264705882353
11062	20121102	neut	36	56	0.642857142857143	15	354.555555555556
11062	20121102	rew	25	56	0.446428571428571	23	360.96
11065	20121107	pun	43	56	0.767857142857143	8	501.93023255814
11065	20121107	neut	39	56	0.696428571428571	7	503.51282051282
11065	20121107	rew	32	56	0.571428571428571	10	522.0625
11066	20121109	pun	53	56	0.946428571428571	1	428.547169811321
11066	20121109	neut	50	56	0.892857142857143	1	429.4
11066	20121109	rew	53	56	0.946428571428571	1	444.094339622641
11074	20121130	pun	38	56	0.678571428571429	12	415.973684210526
11074	20121130	neut	39	56	0.696428571428571	16	432.461538461538
11074	20121130	rew	36	56	0.642857142857143	16	448.694444444444
11075	20130416	pun	48	56	0.857142857142857	6	359.916666666667
11075	20130416	neut	53	56	0.946428571428571	0	356.018867924528
11075	20130416	rew	52	56	0.928571428571429	4	369
11078	20121114	pun	52	56	0.928571428571429	3	380.134615384615
11078	20121114	neut	52	56	0.928571428571429	2	397.653846153846
11078	20121114	rew	55	56	0.982142857142857	1	403.472727272727
11082	20121130	pun	43	56	0.767857142857143	11	649.372093023256
11082	20121130	neut	45	56	0.803571428571429	9	667.2
11082	20121130	rew	41	56	0.732142857142857	11	659.853658536585
11084	20121213	pun	41	56	0.732142857142857	15	423.90243902439
11084	20121213	neut	35	56	0.625	19	419.942857142857
11084	20121213	rew	47	56	0.839285714285714	8	429.765957446808
11087	20121204	pun	41	56	0.732142857142857	9	404.926829268293
11087	20121204	neut	44	56	0.785714285714286	8	413.454545454545
11087	20121204	rew	42	56	0.75	7	399.333333333333
11094	20121221	pun	47	56	0.839285714285714	5	423.744680851064
11094	20121221	neut	44	56	0.785714285714286	8	408
11094	20121221	rew	47	56	0.839285714285714	7	445.234042553192
11106	20130109	pun	31	56	0.553571428571429	24	450.645161290323
11106	20130109	neut	33	56	0.589285714285714	22	468.939393939394
11106	20130109	rew	37	56	0.660714285714286	18	477.648648648649
11113	20130117	pun	47	56	0.839285714285714	7	415.042553191489
11113	20130117	neut	51	56	0.910714285714286	3	458.705882352941
11113	20130117	rew	48	56	0.857142857142857	6	436.916666666667
11114	20130124	pun	17	56	0.303571428571429	35	316.352941176471
11114	20130124	neut	23	56	0.410714285714286	32	365.260869565217
11114	20130124	rew	20	56	0.357142857142857	34	350.05
11123	20130211	pun	35	56	0.625	20	410.914285714286
11123	20130211	neut	35	56	0.625	19	399.428571428571
11123	20130211	rew	34	56	0.607142857142857	21	406.558823529412
11129	20130320	pun	45	56	0.803571428571429	5	379.622222222222
11129	20130320	neut	39	56	0.696428571428571	11	392.589743589744
11129	20130320	rew	39	56	0.696428571428571	10	395.871794871795
11130	20130218	pun	38	56	0.678571428571429	15	371.131578947368
11130	20130218	neut	34	56	0.607142857142857	19	386.941176470588
11130	20130218	rew	29	56	0.517857142857143	24	378.965517241379
11133	20130222	pun	36	56	0.642857142857143	14	467.472222222222
11133	20130222	neut	40	56	0.714285714285714	13	492.075
11133	20130222	rew	35	56	0.625	17	498.085714285714
11137	20130329	pun	43	56	0.767857142857143	13	392
11137	20130329	neut	38	56	0.678571428571429	14	380.052631578947
11137	20130329	rew	35	56	0.625	14	383.771428571429
11140	20130415	pun	47	56	0.839285714285714	8	435
11140	20130415	neut	46	56	0.821428571428571	9	446.608695652174
11140	20130415	rew	40	56	0.714285714285714	13	433.525
11141	20130308	pun	30	42	0.714285714285714	9	410.866666666667
11141	20130308	neut	30	42	0.714285714285714	11	413.066666666667
11141	20130308	rew	30	42	0.714285714285714	10	426.333333333333
11145	20130313	pun	49	56	0.875	4	440.673469387755
11145	20130313	neut	53	56	0.946428571428571	1	459.509433962264
11145	20130313	rew	49	56	0.875	4	475.30612244898
11146	20130314	pun	11	28	0.392857142857143	8	507.090909090909
11146	20130314	neut	6	28	0.214285714285714	9	591.666666666667
11146	20130314	rew	9	28	0.321428571428571	11	502.333333333333
11148	20130328	pun	49	56	0.875	7	345.224489795918
11148	20130328	neut	54	56	0.964285714285714	2	343.351851851852
11148	20130328	rew	51	56	0.910714285714286	5	353.254901960784
11149	20130403	pun	35	56	0.625	21	323.571428571429
11149	20130403	neut	34	56	0.607142857142857	22	321.411764705882
11149	20130403	rew	36	56	0.642857142857143	19	349.722222222222
11152	20130501	pun	46	56	0.821428571428571	10	472.869565217391
11152	20130501	neut	45	56	0.803571428571429	8	444.777777777778
11152	20130501	rew	44	56	0.785714285714286	9	432.522727272727
11156	20130426	pun	38	56	0.678571428571429	14	505
11156	20130426	neut	34	56	0.607142857142857	17	452.441176470588
11156	20130426	rew	28	56	0.5	21	465.428571428571
11157	20130501	pun	31	56	0.553571428571429	12	492.58064516129
11157	20130501	neut	29	56	0.517857142857143	11	502.586206896552
11157	20130501	rew	32	56	0.571428571428571	13	480.46875
11160	20130521	pun	35	56	0.625	20	357.2
11160	20130521	neut	36	56	0.642857142857143	19	327.222222222222
11160	20130521	rew	37	56	0.660714285714286	18	359.756756756757
11162	20130521	pun	39	56	0.696428571428571	14	356.48717948718
11162	20130521	neut	36	56	0.642857142857143	16	388.75
11162	20130521	rew	37	56	0.660714285714286	15	365.216216216216
11165	20140606	pun	53	56	0.946428571428571	2	416.320754716981
11165	20140606	neut	53	56	0.946428571428571	2	435.830188679245
11165	20140606	rew	49	56	0.875	4	413.673469387755
11167	20130628	pun	35	46	0.760869565217391	7	440.8
11167	20130628	neut	30	45	0.666666666666667	11	434.666666666667
11167	20130628	rew	34	46	0.739130434782609	7	440.941176470588
11168	20130613	pun	47	56	0.839285714285714	7	417.085106382979
11168	20130613	neut	47	56	0.839285714285714	8	430.702127659574
11168	20130613	rew	45	56	0.803571428571429	9	419.555555555556
11176	20130703	pun	55	56	0.982142857142857	1	369.490909090909
11176	20130703	neut	54	56	0.964285714285714	1	377.555555555556
11176	20130703	rew	55	56	0.982142857142857	1	383.072727272727
11178	20131111	pun	53	56	0.946428571428571	3	446.905660377359
11178	20131111	neut	48	56	0.857142857142857	6	448.833333333333
11178	20131111	rew	54	56	0.964285714285714	2	445.592592592593
11185	20130627	pun	44	56	0.785714285714286	7	467.568181818182
11185	20130627	neut	46	56	0.821428571428571	2	454.717391304348
11185	20130627	rew	47	56	0.839285714285714	5	465.510638297872
11187	20130802	pun	18	56	0.321428571428571	34	432.333333333333
11187	20130802	neut	18	56	0.321428571428571	36	436.888888888889
11187	20130802	rew	18	56	0.321428571428571	35	403.888888888889
11191	20130710	pun	44	56	0.785714285714286	10	411.863636363636
11191	20130710	neut	43	56	0.767857142857143	12	407.53488372093
11191	20130710	rew	45	56	0.803571428571429	11	422.866666666667
11197	20130909	pun	39	56	0.696428571428571	11	416.076923076923
11197	20130909	neut	42	56	0.75	10	424.595238095238
11197	20130909	rew	35	56	0.625	13	441.6
11198	20130812	pun	46	56	0.821428571428571	7	426.260869565217
11198	20130812	neut	53	56	0.946428571428571	2	427.169811320755
11198	20130812	rew	49	56	0.875	7	429.918367346939
11211	20131016	pun	7	14	0.5	3	422.714285714286
11211	20131016	neut	6	14	0.428571428571429	3	436.5
11211	20131016	rew	4	14	0.285714285714286	5	466.75
11212	20130913	pun	45	56	0.803571428571429	3	505.644444444444
11212	20130913	neut	44	56	0.785714285714286	2	496.295454545455
11212	20130913	rew	48	56	0.857142857142857	3	518.854166666667
11215	20131030	pun	47	56	0.839285714285714	4	435.553191489362
11215	20131030	neut	53	56	0.946428571428571	0	429.584905660377
11215	20131030	rew	43	56	0.767857142857143	8	443.883720930233
11218	20131015	pun	54	56	0.964285714285714	1	443.37037037037
11218	20131015	neut	47	56	0.839285714285714	5	464.808510638298
11218	20131015	rew	52	56	0.928571428571429	3	458.653846153846
11219	20131115	pun	36	56	0.642857142857143	2	475.194444444444
11219	20131115	neut	33	56	0.589285714285714	5	447.090909090909
11219	20131115	rew	35	56	0.625	4	470.142857142857
11220	20131101	pun	46	56	0.821428571428571	3	410.413043478261
11220	20131101	neut	47	56	0.839285714285714	3	420.31914893617
11220	20131101	rew	47	56	0.839285714285714	4	423.085106382979
11221	20131031	pun	56	56	1	0	397.714285714286
11221	20131031	neut	53	56	0.946428571428571	3	394.584905660377
11221	20131031	rew	54	56	0.964285714285714	1	406.148148148148
11224	20131107	pun	53	56	0.946428571428571	3	508.754716981132
11224	20131107	neut	48	56	0.857142857142857	8	517.208333333333
11224	20131107	rew	47	56	0.839285714285714	6	492.170212765957
11226	20131114	pun	49	56	0.875	5	352.632653061225
11226	20131114	neut	49	56	0.875	5	375.020408163265
11226	20131114	rew	50	56	0.892857142857143	5	377.74
11227	20131213	pun	51	56	0.910714285714286	3	456.117647058824
11227	20131213	neut	52	56	0.928571428571429	3	455.769230769231
11227	20131213	rew	55	56	0.982142857142857	1	455.890909090909
11228	20131212	pun	47	56	0.839285714285714	6	377.489361702128
11228	20131212	neut	42	56	0.75	13	411.285714285714
11228	20131212	rew	45	56	0.803571428571429	8	391.977777777778
11230	20131127	pun	47	56	0.839285714285714	3	443.574468085106
11230	20131127	neut	46	56	0.821428571428571	6	441.260869565217
11230	20131127	rew	45	56	0.803571428571429	7	432.022222222222
11232	20140117	pun	45	56	0.803571428571429	5	390.777777777778
11232	20140117	neut	41	56	0.732142857142857	3	385.975609756098
11232	20140117	rew	47	56	0.839285714285714	2	391.382978723404
11234	20140110	pun	47	56	0.839285714285714	8	404.702127659574
11234	20140110	neut	48	56	0.857142857142857	8	403.25
11234	20140110	rew	54	56	0.964285714285714	2	405.592592592593
11237	20131220	pun	46	56	0.821428571428571	8	389.630434782609
11237	20131220	neut	46	56	0.821428571428571	9	391.217391304348
11237	20131220	rew	42	56	0.75	9	404.095238095238
11239	20131231	pun	47	56	0.839285714285714	9	385.765957446808
11239	20131231	neut	52	56	0.928571428571429	4	399.442307692308
11239	20131231	rew	46	56	0.821428571428571	8	400.891304347826
11241	20140204	pun	47	56	0.839285714285714	4	499
11241	20140204	neut	47	56	0.839285714285714	4	521.63829787234
11241	20140204	rew	40	56	0.714285714285714	9	500.575
11242	20140124	pun	36	56	0.642857142857143	20	468.333333333333
11242	20140124	neut	39	56	0.696428571428571	13	454.692307692308
11242	20140124	rew	36	56	0.642857142857143	17	466.888888888889
11244	20140211	pun	54	56	0.964285714285714	2	448.888888888889
11244	20140211	neut	52	56	0.928571428571429	4	455.461538461538
11244	20140211	rew	49	56	0.875	6	464.081632653061
11245	20140207	pun	33	56	0.589285714285714	13	455.121212121212
11245	20140207	neut	39	56	0.696428571428571	11	480.820512820513
11245	20140207	rew	33	56	0.589285714285714	12	462.636363636364
11248	20140221	pun	50	56	0.892857142857143	6	363.4
11248	20140221	neut	52	56	0.928571428571429	2	364.192307692308
11248	20140221	rew	52	56	0.928571428571429	3	364.980769230769
11249	20140220	pun	47	56	0.839285714285714	1	462.042553191489
11249	20140220	neut	52	56	0.928571428571429	1	486.269230769231
11249	20140220	rew	53	56	0.946428571428571	1	484.660377358491
11251	20140227	pun	55	56	0.982142857142857	1	409.163636363636
11251	20140227	neut	55	56	0.982142857142857	1	429.890909090909
11251	20140227	rew	53	56	0.946428571428571	2	418.830188679245
11254	20140228	pun	49	56	0.875	6	384.34693877551
11254	20140228	neut	51	56	0.910714285714286	3	374.607843137255
11254	20140228	rew	47	56	0.839285714285714	7	381.914893617021
11257	20140306	pun	53	56	0.946428571428571	2	363.716981132075
11257	20140306	neut	51	56	0.910714285714286	3	369.941176470588
11257	20140306	rew	50	56	0.892857142857143	5	379.46
11259	20140313	pun	43	56	0.767857142857143	8	450.209302325581
11259	20140313	neut	43	56	0.767857142857143	9	431.767441860465
11259	20140313	rew	46	56	0.821428571428571	7	443.347826086957
11261	20140318	pun	44	56	0.785714285714286	12	491.045454545455
11261	20140318	neut	48	56	0.857142857142857	7	494
11261	20140318	rew	44	56	0.785714285714286	11	499.954545454545
11265	20140314	pun	40	56	0.714285714285714	9	521.525
11265	20140314	neut	35	56	0.625	10	509
11265	20140314	rew	35	56	0.625	12	469.257142857143
11266	20140321	pun	53	56	0.946428571428571	1	450.830188679245
11266	20140321	neut	48	56	0.857142857142857	7	463.416666666667
11266	20140321	rew	52	56	0.928571428571429	2	480.884615384615
11267	20140401	pun	43	56	0.767857142857143	12	425.093023255814
11267	20140401	neut	39	56	0.696428571428571	13	412.358974358974
11267	20140401	rew	44	56	0.785714285714286	9	429.318181818182
11268	20140328	pun	54	56	0.964285714285714	2	407.166666666667
11268	20140328	neut	52	56	0.928571428571429	4	404.884615384615
11268	20140328	rew	49	56	0.875	7	409.122448979592
11269	20140505	pun	53	56	0.946428571428571	2	445.320754716981
11269	20140505	neut	53	56	0.946428571428571	2	427.22641509434
11269	20140505	rew	54	56	0.964285714285714	1	447.407407407407
11270	20140328	pun	44	53	0.830188679245283	8	436.704545454545
11270	20140328	neut	42	53	0.792452830188679	10	435.190476190476
11270	20140328	rew	43	52	0.826923076923077	6	425.558139534884
11271	20140402	pun	53	56	0.946428571428571	2	602.849056603774
11271	20140402	neut	49	56	0.875	5	587.469387755102
11271	20140402	rew	48	56	0.857142857142857	8	597.25
11272	20140408	pun	37	56	0.660714285714286	11	418.027027027027
11272	20140408	neut	40	56	0.714285714285714	6	404.575
11272	20140408	rew	47	56	0.839285714285714	2	401.829787234043
11273	20140410	pun	44	47	0.936170212765957	3	405.522727272727
11273	20140410	neut	44	46	0.956521739130435	2	408.818181818182
11273	20140410	rew	44	46	0.956521739130435	1	416.545454545455
11275	20140422	pun	47	56	0.839285714285714	9	381.744680851064
11275	20140422	neut	38	56	0.678571428571429	17	399.368421052632
11275	20140422	rew	39	56	0.696428571428571	16	402.948717948718
11276	20140502	pun	38	56	0.678571428571429	8	439.421052631579
11276	20140502	neut	40	56	0.714285714285714	7	371.975
11276	20140502	rew	36	56	0.642857142857143	8	427.972222222222
11278	20140407	pun	28	42	0.666666666666667	12	415.964285714286
11278	20140407	neut	30	42	0.714285714285714	12	388.866666666667
11278	20140407	rew	20	42	0.476190476190476	21	431.05
11282	20140516	pun	43	56	0.767857142857143	12	424.441860465116
11282	20140516	neut	48	56	0.857142857142857	6	457.5
11282	20140516	rew	40	56	0.714285714285714	13	449.75
11283	20140501	pun	14	19	0.736842105263158	4	414.071428571429
11283	20140501	neut	14	20	0.7	4	418.285714285714
11283	20140501	rew	13	18	0.722222222222222	4	408.461538461538
11284	20140429	pun	48	56	0.857142857142857	5	414.604166666667
11284	20140429	neut	46	56	0.821428571428571	8	436.065217391304
11284	20140429	rew	47	56	0.839285714285714	6	420.936170212766
11285	20140522	pun	8	8	1	0	459
11285	20140522	neut	7	7	1	0	429.571428571429
11285	20140522	rew	10	10	1	0	479.4
11289	20140602	pun	40	55	0.727272727272727	9	473.25
11289	20140602	neut	39	54	0.722222222222222	13	486.307692307692
11289	20140602	rew	42	55	0.763636363636364	9	469.952380952381
11291	20140619	pun	56	56	1	0	369
11291	20140619	neut	56	56	1	0	363.589285714286
11291	20140619	rew	52	56	0.928571428571429	0	378.788461538462
11292	20140616	pun	55	56	0.982142857142857	1	401.872727272727
11292	20140616	neut	53	56	0.946428571428571	0	409.754716981132
11292	20140616	rew	53	56	0.946428571428571	1	407.490566037736
11293	20140609	pun	54	56	0.964285714285714	1	465.907407407407
11293	20140609	neut	52	56	0.928571428571429	3	456.865384615385
11293	20140609	rew	50	55	0.909090909090909	4	464.46
11295	20140620	pun	48	56	0.857142857142857	7	446.395833333333
11295	20140620	neut	53	56	0.946428571428571	3	448.698113207547
11295	20140620	rew	50	56	0.892857142857143	5	447.34
11297	20140617	pun	50	56	0.892857142857143	2	428.6
11297	20140617	neut	52	56	0.928571428571429	0	420.5
11297	20140617	rew	49	56	0.875	1	439.489795918367
11299	20140627	pun	46	56	0.821428571428571	7	432.760869565217
11299	20140627	neut	43	56	0.767857142857143	6	422.46511627907
11299	20140627	rew	42	56	0.75	8	436.738095238095
11301	20140724	pun	35	42	0.833333333333333	5	501.857142857143
11301	20140724	neut	33	42	0.785714285714286	8	525.272727272727
11301	20140724	rew	38	42	0.904761904761905	4	544.710526315789
11307	20140725	neut	0	1	0	1	NA
