luna	date	ncor	n	acc	ndropped	meanlat
10128	20080925	116	168	0.69047619047619	46	469.431034482759
10134	20080911	154	168	0.916666666666667	5	449.974025974026
10152	20081004	83	168	0.494047619047619	80	451.240963855422
10152	20100514	150	168	0.892857142857143	16	404.626666666667
10152	20111123	156	168	0.928571428571429	8	383.916666666667
10153	20081004	85	168	0.505952380952381	73	529.552941176471
10153	20100604	161	168	0.958333333333333	6	420.732919254658
10153	20111128	155	168	0.922619047619048	13	400.348387096774
10156	20080922	111	168	0.660714285714286	12	450.747747747748
10156	20100313	142	168	0.845238095238095	5	437.035211267606
10156	20110923	157	168	0.93452380952381	7	412.509554140127
10173	20080913	140	168	0.833333333333333	19	378.857142857143
10173	20100313	164	168	0.976190476190476	4	372.384146341463
10173	20110820	161	168	0.958333333333333	4	362.273291925466
10181	20090604	90	168	0.535714285714286	77	359.733333333333
10181	20101124	71	168	0.422619047619048	94	341.028169014084
10181	20130129	89	168	0.529761904761905	70	381.359550561798
10300	20081112	85	168	0.505952380952381	66	397.176470588235
10300	20100702	134	168	0.797619047619048	22	385.865671641791
10300	20111201	116	168	0.69047619047619	47	359.672413793103
10315	20080924	150	168	0.892857142857143	3	381.913333333333
10385	20081111	158	168	0.94047619047619	5	414.854430379747
10406	20090216	134	168	0.797619047619048	34	362.044776119403
10406	20100828	160	168	0.952380952380952	6	374.9875
10406	20120524	122	168	0.726190476190476	43	373.762295081967
10431	20081101	97	168	0.577380952380952	67	413.164948453608
10451	20080913	156	168	0.928571428571429	7	337.096153846154
10466	20100102	63	168	0.375	97	393.365079365079
10466	20110910	117	168	0.696428571428571	44	420.17094017094
10466	20130923	156	168	0.928571428571429	10	401.884615384615
10483	20081029	76	168	0.452380952380952	70	460.657894736842
10529	20081105	139	168	0.827380952380952	13	408.676258992806
10558	20080923	51	168	0.303571428571429	104	351.490196078431
10565	20081028	121	168	0.720238095238095	20	451.702479338843
10565	20100624	99	168	0.589285714285714	57	439.474747474747
10565	20120107	103	168	0.613095238095238	47	409
10567	20090114	140	168	0.833333333333333	19	415.485714285714
10567	20100810	128	168	0.761904761904762	21	407.1875
10567	20130503	101	168	0.601190476190476	55	402.910891089109
10568	20090112	147	168	0.875	18	428.748299319728
10568	20100619	137	168	0.81547619047619	28	419.226277372263
10568	20120110	150	168	0.892857142857143	18	396.466666666667
10572	20090303	143	168	0.851190476190476	21	365.426573426573
10572	20110112	148	168	0.880952380952381	20	342.25
10572	20120514	163	168	0.970238095238095	5	347.638036809816
10574	20080930	144	168	0.857142857142857	24	324.805555555556
10584	20080729	154	168	0.916666666666667	8	433.935064935065
10585	20080918	100	168	0.595238095238095	17	384.15
10585	20100415	114	168	0.678571428571429	28	370.078947368421
10585	20120822	67	84	0.797619047619048	6	389.910447761194
10587	20080812	168	168	1	0	395.077380952381
10589	20081101	133	168	0.791666666666667	8	528.90977443609
10589	20100525	130	168	0.773809523809524	25	467.038461538462
10589	20111121	111	168	0.660714285714286	53	429.603603603604
10590	20080815	0	126	0	126	NA
10594	20080912	135	168	0.803571428571429	28	354.837037037037
10599	20090124	144	168	0.857142857142857	22	400.923611111111
10599	20100726	133	168	0.791666666666667	31	379.526315789474
10601	20080821	136	168	0.80952380952381	24	556.698529411765
10604	20080913	89	128	0.6953125	38	391.022471910112
10604	20100313	127	168	0.755952380952381	41	383.362204724409
10604	20120121	73	168	0.43452380952381	93	375.232876712329
10605	20080925	139	168	0.827380952380952	15	380.726618705036
10606	20080923	133	168	0.791666666666667	16	399.571428571429
10607	20080930	160	168	0.952380952380952	2	394.4125
10608	20081006	140	168	0.833333333333333	12	375.007142857143
10608	20100615	158	168	0.94047619047619	5	365.132911392405
10608	20111122	167	168	0.994047619047619	0	348.724550898204
10616	20081122	132	168	0.785714285714286	29	360.598484848485
10616	20100624	102	168	0.607142857142857	64	365.960784313725
10616	20120130	138	168	0.821428571428571	23	370.760869565217
10623	20090113	116	168	0.69047619047619	48	366.301724137931
10623	20120111	125	168	0.744047619047619	38	403.584
10625	20090226	148	168	0.880952380952381	19	395.067567567568
10626	20090214	107	168	0.636904761904762	25	518.252336448598
10626	20100916	148	168	0.880952380952381	10	473.47972972973
10626	20121008	159	168	0.946428571428571	3	404.962264150943
10627	20090214	93	168	0.553571428571429	69	497.677419354839
10627	20101123	126	168	0.75	36	497.404761904762
10627	20121219	124	168	0.738095238095238	42	431.927419354839
10628	20090214	26	168	0.154761904761905	136	428.846153846154
10629	20090203	137	168	0.81547619047619	14	370.759124087591
10629	20100929	147	168	0.875	14	352.156462585034
10629	20120317	140	168	0.833333333333333	21	345.321428571429
10633	20090228	140	168	0.833333333333333	4	353.214285714286
10635	20090210	153	168	0.910714285714286	12	435.228758169935
10636	20090307	162	168	0.964285714285714	5	388.950617283951
10636	20100828	150	168	0.892857142857143	12	361.36
10636	20131125	148	168	0.880952380952381	19	356.060810810811
10637	20090307	79	168	0.470238095238095	57	490.012658227848
10637	20100828	83	168	0.494047619047619	45	452.313253012048
10637	20121112	74	168	0.44047619047619	81	375.148648648649
10638	20090312	142	168	0.845238095238095	9	414.908450704225
10638	20100809	149	168	0.886904761904762	10	409.805369127517
10638	20120216	128	168	0.761904761904762	36	390.828125
10644	20090323	96	168	0.571428571428571	31	453.229166666667
10644	20101111	201	252	0.797619047619048	29	484.164179104478
10644	20120516	129	168	0.767857142857143	31	422.06976744186
10646	20090410	89	168	0.529761904761905	31	625.505617977528
10648	20100603	32	168	0.19047619047619	64	479.8125
10652	20090410	119	168	0.708333333333333	36	523.857142857143
10652	20101016	148	168	0.880952380952381	14	472.817567567568
10653	20090401	149	168	0.886904761904762	3	384.973154362416
10653	20101001	149	168	0.886904761904762	16	356.986577181208
10653	20121205	112	168	0.666666666666667	49	377.178571428571
10654	20090408	109	168	0.648809523809524	49	443.43119266055
10654	20100920	129	168	0.767857142857143	24	470.658914728682
10654	20120430	116	168	0.69047619047619	38	458.887931034483
10655	20090408	101	168	0.601190476190476	58	376.336633663366
10656	20090410	26	84	0.30952380952381	38	372.923076923077
10661	20090507	96	126	0.761904761904762	8	397.0625
10661	20110325	109	168	0.648809523809524	55	418.678899082569
10661	20120406	150	168	0.892857142857143	9	400.433333333333
10662	20090507	119	168	0.708333333333333	12	467.949579831933
10662	20101123	109	168	0.648809523809524	27	483.816513761468
10662	20120406	147	168	0.875	6	410.380952380952
10664	20090417	144	168	0.857142857142857	23	362.375
10665	20090417	153	168	0.910714285714286	4	355.751633986928
10665	20101215	69	96	0.71875	19	358.68115942029
10665	20120611	151	168	0.898809523809524	4	338.662251655629
10666	20090722	145	168	0.863095238095238	15	434.572413793103
10666	20110425	152	168	0.904761904761905	14	443.822368421053
10667	20090722	161	168	0.958333333333333	4	443.509316770186
10667	20110415	148	168	0.880952380952381	17	427.628378378378
10667	20120907	152	168	0.904761904761905	14	462.328947368421
10671	20090606	116	168	0.69047619047619	52	358.724137931034
10671	20110205	160	168	0.952380952380952	4	341.93125
10672	20090606	59	168	0.351190476190476	79	410.305084745763
10672	20131025	152	168	0.904761904761905	7	375.519736842105
10673	20090519	134	168	0.797619047619048	28	513.350746268657
10673	20110221	123	168	0.732142857142857	39	466.113821138211
10673	20120821	62	84	0.738095238095238	15	467.822580645161
10674	20090519	125	168	0.744047619047619	19	496.152
10675	20090519	141	168	0.839285714285714	9	511.382978723404
10676	20090521	131	168	0.779761904761905	28	374.335877862595
10677	20090606	148	168	0.880952380952381	17	442.290540540541
10677	20110604	144	168	0.857142857142857	20	410.527777777778
10677	20120803	155	168	0.922619047619048	8	380.535483870968
10678	20090606	65	168	0.386904761904762	95	353.169230769231
10678	20101218	87	96	0.90625	8	401.528735632184
10678	20121219	149	168	0.886904761904762	12	384.785234899329
10680	20090619	127	168	0.755952380952381	18	475.874015748031
10680	20101222	93	96	0.96875	1	427.817204301075
10680	20120615	155	168	0.922619047619048	9	410.683870967742
10686	20090821	165	168	0.982142857142857	0	333.618181818182
10689	20090611	140	168	0.833333333333333	21	382.914285714286
10689	20110310	152	168	0.904761904761905	15	388.598684210526
10689	20120919	71	168	0.422619047619048	94	445.450704225352
10696	20090629	84	168	0.5	24	409.142857142857
10697	20090620	149	168	0.886904761904762	11	418.825503355705
10697	20110217	146	168	0.869047619047619	21	402.054794520548
10697	20120803	111	168	0.660714285714286	45	383.297297297297
10699	20090810	155	168	0.922619047619048	2	439.683870967742
10699	20110226	162	168	0.964285714285714	4	410.320987654321
10699	20120915	152	168	0.904761904761905	8	433.052631578947
10700	20090826	164	168	0.976190476190476	0	429.55487804878
10700	20110317	161	168	0.958333333333333	3	457.142857142857
10700	20120831	164	168	0.976190476190476	3	415.280487804878
10701	20090804	146	168	0.869047619047619	2	400.431506849315
10701	20110323	117	168	0.696428571428571	7	401.615384615385
10701	20120906	130	168	0.773809523809524	31	416.415384615385
10703	20090710	131	168	0.779761904761905	26	480.198473282443
10703	20110118	151	168	0.898809523809524	7	470.298013245033
10703	20120726	147	168	0.875	19	434.47619047619
10707	20090713	150	168	0.892857142857143	8	447.213333333333
10708	20090723	154	168	0.916666666666667	12	480.720779220779
10708	20110803	125	168	0.744047619047619	43	451.848
10709	20090723	138	168	0.821428571428571	10	461.369565217391
10709	20110803	141	168	0.839285714285714	14	428.992907801418
10710	20090720	144	168	0.857142857142857	11	376.083333333333
10711	20090716	123	168	0.732142857142857	11	423.341463414634
10711	20110126	147	168	0.875	12	389.795918367347
10711	20121108	147	168	0.875	15	344.69387755102
10712	20090720	147	168	0.875	3	421.448979591837
10713	20090725	158	168	0.94047619047619	8	514.246835443038
10713	20110212	159	168	0.946428571428571	8	469.610062893082
10717	20090810	110	168	0.654761904761905	37	552.654545454545
10717	20110226	137	168	0.81547619047619	19	487.335766423358
10717	20120915	70	168	0.416666666666667	86	397.685714285714
10745	20090909	164	168	0.976190476190476	2	395.384146341463
10747	20090901	155	168	0.922619047619048	8	358.387096774194
10747	20110514	153	168	0.910714285714286	14	404.843137254902
10747	20120828	151	168	0.898809523809524	15	355.927152317881
10749	20090901	96	168	0.571428571428571	31	484.572916666667
10749	20110616	102	168	0.607142857142857	41	465.323529411765
10749	20130910	151	168	0.898809523809524	13	423.417218543046
10757	20091028	81	168	0.482142857142857	83	382.160493827161
10757	20091124	74	168	0.44047619047619	83	393.959459459459
10757	20110601	125	168	0.744047619047619	36	387.968
10757	20121218	79	168	0.470238095238095	78	363.253164556962
10758	20091031	103	168	0.613095238095238	63	392.106796116505
10758	20110614	159	168	0.946428571428571	9	367.899371069182
10758	20121009	140	168	0.833333333333333	24	382.592857142857
10760	20091031	128	168	0.761904761904762	25	424.140625
10760	20110513	148	168	0.880952380952381	13	361.162162162162
10760	20121030	149	168	0.886904761904762	14	350.335570469799
10761	20091120	97	168	0.577380952380952	64	437.762886597938
10761	20110519	152	168	0.904761904761905	10	419.361842105263
10761	20121001	110	168	0.654761904761905	45	434.009090909091
10762	20091130	121	168	0.720238095238095	39	389.793388429752
10762	20110907	164	168	0.976190476190476	2	349.951219512195
10765	20091116	162	168	0.964285714285714	5	364.876543209877
10765	20110912	156	168	0.928571428571429	11	347.089743589744
10765	20121024	144	168	0.857142857142857	20	336.201388888889
10766	20091201	91	168	0.541666666666667	72	366.296703296703
10766	20110915	158	168	0.94047619047619	9	394.335443037975
10766	20130130	146	168	0.869047619047619	21	381.150684931507
10767	20091216	121	168	0.720238095238095	35	467.446280991736
10767	20110523	31	42	0.738095238095238	6	527.903225806452
10767	20131207	157	168	0.93452380952381	6	394.668789808917
10768	20091202	141	168	0.839285714285714	27	382.936170212766
10768	20121212	131	168	0.779761904761905	35	388.152671755725
10772	20091224	101	168	0.601190476190476	38	565.049504950495
10772	20120503	158	168	0.94047619047619	5	460.778481012658
10773	20100102	131	168	0.779761904761905	10	459.129770992366
10773	20110709	148	168	0.880952380952381	12	377.256756756757
10773	20130228	159	168	0.946428571428571	9	347.194968553459
10774	20100102	112	168	0.666666666666667	50	370.321428571429
10774	20110709	159	168	0.946428571428571	6	320.51572327044
10774	20130228	151	168	0.898809523809524	17	319.543046357616
10777	20100125	32	168	0.19047619047619	110	596.3125
10778	20100326	157	168	0.93452380952381	11	391.764331210191
10779	20100218	135	168	0.803571428571429	18	417.42962962963
10780	20100331	131	168	0.779761904761905	18	524.259541984733
10780	20110823	81	168	0.482142857142857	70	488.777777777778
10780	20130625	153	168	0.910714285714286	6	477.751633986928
10782	20100323	134	168	0.797619047619048	26	391.514925373134
10783	20100330	131	168	0.779761904761905	24	580.106870229008
10784	20100331	123	168	0.732142857142857	42	328.341463414634
10786	20100319	144	168	0.857142857142857	20	358.159722222222
10786	20111201	160	168	0.952380952380952	5	343.75
10786	20131209	135	168	0.803571428571429	29	350.525925925926
10787	20100519	138	168	0.821428571428571	14	470.557971014493
10788	20100326	159	168	0.946428571428571	4	371.899371069182
10788	20111217	156	168	0.928571428571429	6	381.775641025641
10790	20100409	107	168	0.636904761904762	19	452.523364485981
10790	20131014	115	168	0.68452380952381	10	454.6
10796	20100520	158	168	0.94047619047619	8	414.873417721519
10796	20120220	157	168	0.93452380952381	10	397.229299363057
10796	20130325	89	168	0.529761904761905	77	342.966292134831
10797	20100405	151	168	0.898809523809524	9	432.258278145695
10797	20111128	166	168	0.988095238095238	1	399.512048192771
10797	20130524	153	168	0.910714285714286	11	424.40522875817
10798	20100518	104	168	0.619047619047619	14	410.855769230769
10798	20111215	104	168	0.619047619047619	11	408.173076923077
10798	20131007	141	168	0.839285714285714	13	387.177304964539
10800	20100424	142	168	0.845238095238095	12	426.816901408451
10801	20100426	124	168	0.738095238095238	41	433.233870967742
10802	20100326	127	168	0.755952380952381	38	376.968503937008
10802	20130528	133	168	0.791666666666667	26	437.022556390977
10803	20100414	157	168	0.93452380952381	3	438.547770700637
10804	20100525	116	168	0.69047619047619	12	619.387931034483
10804	20111203	76	168	0.452380952380952	34	472.907894736842
10805	20100412	155	168	0.922619047619048	10	401.574193548387
10805	20111103	142	168	0.845238095238095	26	357.929577464789
10805	20130508	151	168	0.898809523809524	13	372.834437086093
10806	20100421	112	168	0.666666666666667	22	533.455357142857
10806	20111230	142	168	0.845238095238095	5	457.507042253521
10807	20100412	114	168	0.678571428571429	35	466.210526315789
10808	20100501	154	168	0.916666666666667	7	450.954545454545
10808	20120629	157	168	0.93452380952381	9	428.573248407643
10808	20130709	151	168	0.898809523809524	13	404.344370860927
10809	20100607	103	168	0.613095238095238	31	413.359223300971
10809	20120405	108	168	0.642857142857143	50	446.611111111111
10809	20131111	136	168	0.80952380952381	17	467.441176470588
10811	20100410	98	168	0.583333333333333	36	472.632653061225
10811	20111116	113	168	0.672619047619048	16	474.663716814159
10811	20140417	132	168	0.785714285714286	25	410.575757575758
10812	20100508	150	168	0.892857142857143	10	500.826666666667
10812	20111206	155	168	0.922619047619048	8	427.793548387097
10812	20140109	153	168	0.910714285714286	9	437.588235294118
10813	20100422	100	168	0.595238095238095	50	455.8
10813	20120106	143	168	0.851190476190476	8	425.951048951049
10814	20100524	130	168	0.773809523809524	27	410.761538461538
10814	20120208	63	84	0.75	20	418.52380952381
10814	20130731	132	168	0.785714285714286	34	419.113636363636
10817	20100515	127	168	0.755952380952381	17	423.181102362205
10817	20111220	97	168	0.577380952380952	64	361.144329896907
10818	20100626	145	168	0.863095238095238	10	405.234482758621
10818	20120714	95	168	0.56547619047619	54	384.052631578947
10820	20100622	58	168	0.345238095238095	40	470.258620689655
10820	20121025	81	168	0.482142857142857	61	460.617283950617
10821	20100625	91	168	0.541666666666667	62	733
10821	20120321	112	168	0.666666666666667	21	545.053571428571
10821	20140529	106	168	0.630952380952381	42	543.481132075472
10822	20100622	90	126	0.714285714285714	7	472.7
10822	20120229	109	168	0.648809523809524	35	408.54128440367
10822	20130812	103	168	0.613095238095238	52	386
10823	20100723	60	107	0.560747663551402	19	495.45
10824	20100723	114	168	0.678571428571429	19	446.701754385965
10824	20111108	157	168	0.93452380952381	3	361.082802547771
10824	20131002	138	168	0.821428571428571	12	388.81884057971
10826	20100726	112	168	0.666666666666667	48	485.1875
10826	20120911	106	168	0.630952380952381	39	414.981132075472
10826	20140414	112	168	0.666666666666667	37	450.473214285714
10827	20100726	87	168	0.517857142857143	45	467.67816091954
10836	20100722	127	168	0.755952380952381	33	354.346456692913
10839	20100821	161	168	0.958333333333333	5	543.211180124224
10839	20120213	137	168	0.81547619047619	14	419.985401459854
10839	20130916	128	168	0.761904761904762	25	423.0703125
10840	20100821	150	168	0.892857142857143	12	428.22
10840	20120207	146	168	0.869047619047619	21	381.684931506849
10841	20100820	129	168	0.767857142857143	23	386.542635658915
10841	20120618	150	168	0.892857142857143	11	423.273333333333
10842	20100823	145	168	0.863095238095238	10	517.172413793103
10843	20100816	113	168	0.672619047619048	31	546.203539823009
10843	20120406	135	168	0.803571428571429	10	603.266666666667
10845	20100924	81	168	0.482142857142857	42	392.765432098765
10845	20120809	110	168	0.654761904761905	21	376.881818181818
10847	20101016	125	168	0.744047619047619	7	505.312
10847	20120616	86	168	0.511904761904762	34	485.953488372093
10847	20131005	43	159	0.270440251572327	82	462.581395348837
10849	20101115	151	168	0.898809523809524	5	471.417218543046
10849	20120813	123	168	0.732142857142857	14	491.243902439024
10849	20140102	103	168	0.613095238095238	49	531.029126213592
10850	20101115	132	168	0.785714285714286	20	520.378787878788
10850	20121214	52	168	0.30952380952381	109	487.423076923077
10850	20140204	144	168	0.857142857142857	22	456.868055555556
10851	20101207	71	96	0.739583333333333	6	540.549295774648
10851	20120921	82	168	0.488095238095238	69	553.19512195122
10851	20131113	155	168	0.922619047619048	1	472.174193548387
10852	20101213	86	96	0.895833333333333	7	444.779069767442
10852	20120924	120	168	0.714285714285714	37	506.716666666667
10852	20140207	133	168	0.791666666666667	33	398.481203007519
10869	20110120	147	168	0.875	14	391.210884353742
10869	20121005	165	168	0.982142857142857	0	368.624242424242
10870	20110107	116	168	0.69047619047619	46	371.034482758621
10871	20110103	128	168	0.761904761904762	15	524.890625
10871	20121117	0	168	0	168	NA
10872	20110113	122	168	0.726190476190476	44	373.819672131148
10872	20120927	138	168	0.821428571428571	28	374.427536231884
10872	20131202	97	126	0.76984126984127	27	349.886597938144
10873	20110209	162	168	0.964285714285714	4	376.728395061728
10873	20120807	159	168	0.946428571428571	9	400.861635220126
10873	20140217	162	168	0.964285714285714	5	403.351851851852
10874	20110119	147	168	0.875	13	407.12925170068
10875	20110402	126	168	0.75	33	427.531746031746
10877	20110212	85	168	0.505952380952381	81	443.588235294118
10879	20110331	145	168	0.863095238095238	9	387.048275862069
10879	20121110	163	168	0.970238095238095	3	368.226993865031
10880	20110407	116	168	0.69047619047619	12	468.474137931034
10880	20120926	100	126	0.793650793650794	3	566.43
10880	20140311	148	168	0.880952380952381	10	446.804054054054
10881	20110520	137	168	0.81547619047619	29	443.496350364964
10881	20121210	100	142	0.704225352112676	34	399.3
10887	20110531	152	168	0.904761904761905	14	423.671052631579
10887	20121107	133	168	0.791666666666667	30	410.518796992481
10888	20110608	146	168	0.869047619047619	18	521.123287671233
10959	20130815	150	168	0.892857142857143	12	411.086666666667
11055	20121102	115	168	0.68452380952381	23	447.713043478261
11056	20121023	157	168	0.93452380952381	11	391.955414012739
11058	20121109	121	168	0.720238095238095	26	442.809917355372
11059	20121022	132	168	0.785714285714286	22	413.189393939394
11062	20121102	95	168	0.56547619047619	56	356.852631578947
11065	20121107	114	168	0.678571428571429	25	508.122807017544
11066	20121109	156	168	0.928571428571429	3	434.102564102564
11070	20121116	0	168	0	168	NA
11074	20121130	113	168	0.672619047619048	44	432.088495575221
11075	20130416	153	168	0.910714285714286	10	361.653594771242
11078	20121114	159	168	0.946428571428571	6	393.937106918239
11082	20121130	129	168	0.767857142857143	31	658.922480620155
11084	20121213	123	168	0.732142857142857	42	425.016260162602
11087	20121204	127	168	0.755952380952381	24	406.031496062992
11094	20121221	138	168	0.821428571428571	20	426.04347826087
11106	20130109	101	168	0.601190476190476	64	466.514851485149
11113	20130117	146	168	0.869047619047619	16	437.486301369863
11114	20130124	60	168	0.357142857142857	101	346.333333333333
11123	20130211	104	168	0.619047619047619	60	405.625
11129	20130320	123	168	0.732142857142857	26	388.886178861789
11130	20130218	101	168	0.601190476190476	58	378.70297029703
11133	20130222	111	168	0.660714285714286	44	485.990990990991
11137	20130329	116	168	0.69047619047619	41	385.603448275862
11140	20130415	133	168	0.791666666666667	30	438.571428571429
11141	20130308	90	126	0.714285714285714	30	416.755555555556
11145	20130313	151	168	0.898809523809524	9	458.523178807947
11146	20130314	26	84	0.30952380952381	28	524.961538461538
11148	20130328	154	168	0.916666666666667	14	347.227272727273
11149	20130403	105	168	0.625	62	331.838095238095
11152	20130501	135	168	0.803571428571429	27	450.355555555556
11156	20130426	100	168	0.595238095238095	52	476.05
11157	20130501	92	168	0.547619047619048	36	491.521739130435
11160	20130521	108	168	0.642857142857143	57	348.083333333333
11162	20130521	112	168	0.666666666666667	45	369.741071428571
11165	20140606	155	168	0.922619047619048	8	422.154838709677
11167	20130628	99	137	0.722627737226277	25	438.989898989899
11168	20130613	139	168	0.827380952380952	24	422.489208633094
11176	20130703	164	168	0.976190476190476	3	376.701219512195
11178	20131111	155	168	0.922619047619048	11	447.045161290323
11185	20130627	137	168	0.81547619047619	14	462.547445255474
11187	20130802	54	168	0.321428571428571	105	424.37037037037
11191	20130710	132	168	0.785714285714286	33	414.204545454545
11197	20130909	116	168	0.69047619047619	34	426.862068965517
11198	20130812	148	168	0.880952380952381	16	427.797297297297
11211	20131016	17	42	0.404761904761905	11	437.941176470588
11212	20130913	137	168	0.81547619047619	8	507.270072992701
11215	20131030	143	168	0.851190476190476	12	435.846153846154
11218	20131015	153	168	0.910714285714286	9	455.150326797386
11219	20131115	104	168	0.619047619047619	11	464.576923076923
11220	20131101	140	168	0.833333333333333	10	417.992857142857
11221	20131031	163	168	0.970238095238095	4	399.490797546012
11224	20131107	148	168	0.880952380952381	17	506.22972972973
11226	20131114	148	168	0.880952380952381	15	368.527027027027
11227	20131213	158	168	0.94047619047619	7	455.924050632911
11228	20131212	134	168	0.797619047619048	27	392.94776119403
11230	20131127	138	168	0.821428571428571	16	439.036231884058
11232	20140117	133	168	0.791666666666667	10	389.511278195489
11234	20140110	149	168	0.886904761904762	18	404.557046979866
11237	20131220	134	168	0.797619047619048	26	394.708955223881
11239	20131231	145	168	0.863095238095238	21	395.468965517241
11241	20140204	134	168	0.797619047619048	17	507.410447761194
11242	20140124	111	168	0.660714285714286	50	463.072072072072
11244	20140211	155	168	0.922619047619048	12	455.896774193548
11245	20140207	105	168	0.625	36	467.028571428571
11248	20140221	154	168	0.916666666666667	11	364.201298701299
11249	20140220	152	168	0.904761904761905	3	478.217105263158
11251	20140227	163	168	0.970238095238095	4	419.300613496932
11254	20140228	147	168	0.875	16	380.190476190476
11257	20140306	154	168	0.916666666666667	10	370.88961038961
11259	20140313	132	168	0.785714285714286	24	441.810606060606
11261	20140318	136	168	0.80952380952381	30	494.970588235294
11265	20140314	110	168	0.654761904761905	31	500.909090909091
11266	20140321	153	168	0.910714285714286	10	464.993464052288
11267	20140401	126	168	0.75	34	422.626984126984
11268	20140328	155	168	0.922619047619048	13	407.01935483871
11269	20140505	160	168	0.952380952380952	5	440.03125
11270	20140328	129	158	0.816455696202532	24	432.496124031008
11271	20140402	150	168	0.892857142857143	15	596.033333333333
11272	20140408	124	168	0.738095238095238	19	407.548387096774
11273	20140410	132	139	0.949640287769784	6	410.295454545455
11275	20140422	124	168	0.738095238095238	42	393.814516129032
11276	20140502	114	168	0.678571428571429	23	412.140350877193
11278	20140407	78	126	0.619047619047619	45	409.410256410256
11282	20140516	131	168	0.779761904761905	31	444.282442748092
11283	20140501	41	57	0.719298245614035	12	413.731707317073
11284	20140429	141	168	0.839285714285714	19	423.716312056738
11285	20140522	25	25	1	0	458.92
11289	20140602	121	164	0.73780487804878	31	476.314049586777
11291	20140619	164	168	0.976190476190476	0	370.256097560976
11292	20140616	161	168	0.958333333333333	2	406.316770186335
11293	20140609	156	167	0.934131736526946	8	462.429487179487
11295	20140620	151	168	0.898809523809524	15	447.516556291391
11296	20140708	0	42	0	42	NA
11297	20140617	151	168	0.898809523809524	3	429.344370860927
11299	20140627	131	168	0.779761904761905	21	430.656488549618
11301	20140724	106	126	0.841269841269841	17	524.509433962264
11307	20140725	0	43	0	43	NA
